# V5 Final S-box - GUIDED SWAP KAPALI
# Generated on: 2026-01-20T18:16:14.718

sbox = UInt8[
     50,  44,  30, 166,  31,  90,   6,  26, 246,  38, 118,   5, 218, 101, 129, 110,
    148, 194, 121,  40, 242,  19,  94, 253,  25,  88, 105, 229,  96, 195, 122, 201,
     69,  61,  24,  85, 103,  45, 153, 198, 214, 142,  37,  12,  49, 116, 249,  35,
    221,  98, 183,  83, 174, 178, 216,  78,  77, 186, 251,   8, 205,   4,  46, 111,
    231,  65,  80, 125,  17,  99,  28, 237, 245, 197,  23, 254,  89, 220, 108, 120,
     22,  97, 161,  54, 168, 208,  70, 189, 141,  41,  43, 156, 133, 230, 139, 233,
    135,  34,  71,  63,  73,  33,  13,  32, 162,   9, 102,   0, 222, 217, 155,  81,
    143, 172, 159, 238, 113, 235, 177, 236, 173, 184, 123, 163, 130, 182, 115,  16,
    248, 206, 180, 165, 175, 171,  62, 190,   1, 240,  11, 191,  53, 119, 210, 157,
    247, 211, 193, 204, 202,  57,  56, 136, 107, 215, 232, 147,  95, 100, 228, 146,
    223,  79, 154,  18,  55,  87, 144, 239, 114, 124, 225, 187, 234,  29,  60, 241,
    192, 188,  42,  52, 138, 127, 117,  36,  91,  58, 106,  21,  51, 131,  76,  68,
     47,  66, 200, 226,  64, 199,  67, 150, 126,  27,  59, 181, 243,  48, 169, 151,
    112, 252, 152, 160, 167, 207,  82, 145, 209,  93, 227,  14, 149,  92,   2, 140,
    137, 185,  86, 212,  15,   7, 128, 250, 132, 255,  10, 179, 203, 224,  74,  72,
    170, 244, 158, 196, 213,   3, 109,  39,  84, 104, 219,  75,  20, 134, 176, 164
]
