# Final optimized S-box - COMPOSITE FITNESS WITH EARLY STOPPING
# Generated on: 2025-10-05T16:37:53.695
# Format: 16 values per line (256 total)

sbox = UInt8[
    203, 157, 161,  72,  92, 185, 230, 125, 139, 132,   8,  34,  99,  31, 184, 127,
    129, 153,   3,  74, 101, 198, 138, 141,  66,   6, 162, 196, 130,  90, 109,  65,
    243, 108, 169,  26,  12,  64, 253,  52, 113, 246, 195, 234, 229,  60,  35,  83,
    221,  63,   4, 154, 187,  22, 219,  37, 152,  87,  51, 189, 106,  57,  58, 167,
     29, 144,  33,  59,  19,  16, 116,  82,  50, 222, 159, 146,   5,  45,  62, 160,
     44, 204,  55, 107,  89, 115, 244,  98, 134, 251,  97,  95, 179, 143,  43, 170,
     38, 213, 147, 192, 245, 126, 178, 231,   1, 117, 149,  56, 171, 140, 111,  68,
    124, 210, 182, 166, 254, 114, 240, 164, 225, 228,  24, 236, 151, 237,  77,  67,
     25, 220,  10, 250, 207, 255, 206,  13, 252, 183, 172, 175,  28, 216, 112,   0,
    100, 121, 235,  78,  54,  88, 133, 135, 209, 205,   7, 145, 217,  32,  42,  14,
     61, 238, 168, 174, 128, 226, 200,  91, 201, 208, 120,  69, 148, 218,  53, 118,
     84, 181, 123,  86, 214, 247, 191, 137, 176, 155, 233, 212,  75, 131, 105, 194,
     27, 193,  79, 224, 142, 180, 232, 173,  73, 202,  76,  17,   9, 197,  40, 227,
     47, 177,  85, 122,  15,  36,  46, 158, 249, 119, 215,  18, 211, 165, 110,  23,
    248,  96, 150,  21, 239, 104,  94, 199, 136, 103,  30, 190,  48,  71,  39,  41,
    163, 223, 188,  81,  49,  11,  70,  93, 241,  80, 102, 156,  20, 186, 242,   2
]

# Comma-separated format:
203, 157, 161, 72, 92, 185, 230, 125, 139, 132, 8, 34, 99, 31, 184, 127, 129, 153, 3, 74, 101, 198, 138, 141, 66, 6, 162, 196, 130, 90, 109, 65, 243, 108, 169, 26, 12, 64, 253, 52, 113, 246, 195, 234, 229, 60, 35, 83, 221, 63, 4, 154, 187, 22, 219, 37, 152, 87, 51, 189, 106, 57, 58, 167, 29, 144, 33, 59, 19, 16, 116, 82, 50, 222, 159, 146, 5, 45, 62, 160, 44, 204, 55, 107, 89, 115, 244, 98, 134, 251, 97, 95, 179, 143, 43, 170, 38, 213, 147, 192, 245, 126, 178, 231, 1, 117, 149, 56, 171, 140, 111, 68, 124, 210, 182, 166, 254, 114, 240, 164, 225, 228, 24, 236, 151, 237, 77, 67, 25, 220, 10, 250, 207, 255, 206, 13, 252, 183, 172, 175, 28, 216, 112, 0, 100, 121, 235, 78, 54, 88, 133, 135, 209, 205, 7, 145, 217, 32, 42, 14, 61, 238, 168, 174, 128, 226, 200, 91, 201, 208, 120, 69, 148, 218, 53, 118, 84, 181, 123, 86, 214, 247, 191, 137, 176, 155, 233, 212, 75, 131, 105, 194, 27, 193, 79, 224, 142, 180, 232, 173, 73, 202, 76, 17, 9, 197, 40, 227, 47, 177, 85, 122, 15, 36, 46, 158, 249, 119, 215, 18, 211, 165, 110, 23, 248, 96, 150, 21, 239, 104, 94, 199, 136, 103, 30, 190, 48, 71, 39, 41, 163, 223, 188, 81, 49, 11, 70, 93, 241, 80, 102, 156, 20, 186, 242, 2
