# V5 Final S-box - GUIDED SWAP KAPALI
# Generated on: 2026-01-19T21:40:02.606

sbox = UInt8[
    208, 176,  85,  81, 230, 119, 229, 236,   0, 105, 156,  17,   2, 161,  35, 136,
    203, 171,   6, 241, 254, 231, 170, 101, 159,  60, 198, 219, 190, 185,  14, 111,
     32,  84,  43, 206, 242, 255,  13, 151, 209,  29, 216,  62, 121, 240, 140,  59,
     51, 141,  78,  55, 182,  25, 146, 100,  92, 177, 223, 234, 126,  40, 194, 152,
     97,  80, 179, 149,  46, 225,  70, 144, 184,  19, 130,  28, 202, 131, 250, 239,
     95,  72,  23,  66, 195,  68, 166,   5,  77,  91, 210, 243,  11, 158, 215,  20,
     27, 174,  34, 154,  76, 124, 117, 118,  54,  30, 192, 252, 248, 157, 164,  24,
    120,  75, 228, 106, 162,  67,  61,  12, 188, 133,  10,  65,  33, 122,  57, 197,
    183,  26, 109, 103, 237, 238,  89, 143, 137,   4, 160,  56, 114, 232, 226, 205,
    220,  36, 213, 189, 178, 199,   9, 249, 127, 132, 115,  71, 244,  90,  93,  15,
     69,  37,  42, 253, 196,  16, 211,  73, 233,  47, 165,  83,  44, 180, 150, 169,
    168, 167, 153,   3, 193,  41, 175,  98, 217,  64, 246,  52, 129, 191, 134,  94,
     74, 251, 138, 186,  18, 218, 116,  50, 104,  22,   8,  79, 204,  88, 247,   7,
    187, 147,  63, 221, 135, 173, 108,  86, 172, 102,  38,  53, 139, 128, 123,  48,
     31, 113, 227, 214,  39,  82, 163,  99, 207, 224, 145, 125,  21, 181, 112, 107,
    155,  87, 235, 148,  49, 200, 201, 142,  96, 212, 110, 222,   1, 245,  45,  58
]
