# V5 Final S-box - GUIDED SWAP KAPALI
# Generated on: 2026-01-21T11:55:44.565

sbox = UInt8[
    158, 148,  99, 193,  25, 223, 133, 232,  19, 238, 137, 209, 124, 199, 115, 135,
     24, 214,  34,  56, 125,   9, 231, 170, 134, 105, 211, 233, 128, 138, 169, 186,
    113,  17, 112,   7,   2, 167, 242, 196,  64, 202, 177, 194, 216,  46, 250, 195,
     68, 208, 236,  48,   8, 117, 234, 204,  20, 104,  43, 176, 185,  84, 246,  91,
     88,  53, 225, 243,  13, 103, 114, 164,  37, 219,  81,   5, 203,  51, 181,  82,
     23,  77, 136,  30, 129,  89, 157, 207,  92, 205,  21, 119, 183, 249,   6,   4,
      1,  16,  86, 217, 152, 139, 184, 228,  14, 187,  39, 227, 172,  58, 192,  73,
    149, 215, 213, 210, 155, 222, 106, 218, 107,  62,  49,  44,  97,  61, 253, 180,
    110, 245, 142, 251,  79, 224, 108, 201,  67, 102,  98, 122, 161, 239, 153,  33,
     78,  15,  66, 237, 178,  96,  41, 171, 109,   0,  18, 100,  95, 248,  40, 200,
     47,  63, 116,  55, 151, 220, 123,  27, 126,  70,  52, 120, 121,  22, 179,  31,
     10, 188, 162,  71, 127, 255,  69, 154, 150,  29,  26, 174, 147,  32,  45, 182,
     94,  50,  12, 206, 160, 165, 189, 145, 173, 143, 252,  76,  85,  54, 131,  28,
    244,  72, 198, 247, 241,  90,  57, 168, 159,  75,  11, 197, 175, 101,  42, 191,
    229, 146, 118,  38, 235,  65, 226, 163, 190, 144, 141,  80, 111, 156, 132, 230,
    166, 221, 212, 254, 130, 140,  74,  60,  83,  93,  35,   3,  36, 240,  59,  87
]
