# V5 Final S-box - GUIDED SWAP KAPALI
# Generated on: 2026-01-21T23:26:12.853

sbox = UInt8[
    145, 183,  81,  38,  72,  61, 234,  94, 123, 193,   9,  35, 203, 138,  99, 128,
     39, 180, 217, 167,  25, 249, 155,  56, 225, 243,  44,   2, 102, 130, 156, 189,
    185,  17, 113,  51, 227, 238, 230, 233,  41, 163, 188,  93,  54, 254, 174,  86,
    215,  27, 210, 159, 115, 208,  58, 186, 168,  28,  22, 236, 126, 171, 125, 184,
    172, 170,  83, 157, 177, 232,  23, 112,  48, 118, 213,  67,  43, 240,  97,   5,
    182, 221, 140, 211, 175,  11, 154,  73, 255,  46, 187, 124,  71,  98,  37, 143,
     26, 207, 133,  64, 214,  18,  49, 224,  92, 209, 109,  40, 100, 152, 104, 110,
    195, 199, 229, 114, 220,  79, 246,  20, 137,  16,   4,  74, 166,  53,   8, 122,
    120,  57,  77, 144, 101, 127, 244,  88, 161, 251, 202, 223, 149,  70,  33, 212,
    106, 135, 164,  32, 129, 194,  24, 111,  14,  76,  52, 190, 176, 141,   3, 245,
     96,  47,  85,  78, 107, 198,  69,  10, 165,  42, 108, 147,  59,  66,  13,  82,
    169, 204, 231,  36, 200,  19, 139,  60,  65,  75, 117, 150,  84, 162, 191, 192,
    216, 179, 250, 235,  95, 219, 103, 153, 105, 160, 205, 242,  29,  45, 178,   6,
    119,  80,  31, 228, 116,  68, 253, 196, 158, 252, 142, 237,  89, 197, 173, 136,
    218, 151,  91,   7,  55,  87,   0, 131,  90,  12, 121, 146, 134, 201,  63, 132,
    206,  21,   1, 226, 247, 239,  30, 148, 248,  50,  62,  34,  15, 222, 241, 181
]
