# Global Best S-box after 1 moves
# Step: 87, Particle: 871
# Generated on: 2026-01-30T09:01:36.275

debug_sbox = UInt8[
    105, 130, 214, 129,  26, 235,  21,  91,  46, 248, 151, 233,  20, 211, 207, 255,
    127,  55,  40,  15, 125, 216,  53, 137, 232, 112, 222,  59, 231, 221, 252,  30,
    120,   0, 122,  25,  41, 178,   4, 183, 188, 171,  71,  47,  51, 239,  84, 118,
    192,  60, 224, 175, 167,  79,  29,  31, 143, 173,  45,  27,  54, 185, 247, 186,
     92, 113,  99, 184, 205, 243,  12,  62, 149, 179, 136,  78,  22, 223, 213,  34,
    108,  17, 210,  96, 254,  32,   3,  69, 177, 124, 145, 230,  85, 200,  93,  98,
    132, 196, 126, 141,  28, 115,  87,  90, 246,  88,   9,  13, 250,  44,  94, 201,
     39, 234,  82,  57, 220, 174,  74,   7, 117, 100, 251, 219,  89,  81, 128, 163,
    114, 133, 176,  38,  86, 241, 228,  61,  35,  70,  77, 208,  83,  49,  18, 226,
    162, 217,  58,   1, 109, 168, 169,  97,  67, 212,  11, 153, 135, 160, 204, 111,
    170,   8, 155, 144, 138, 236, 116,  43, 191, 182, 180, 110, 253, 102,  56,  64,
    131, 206, 159, 195,  52, 172, 229, 147,  68, 249, 209, 197, 166, 203, 150,  36,
     10, 225,  19, 142,  73, 119, 152, 101,  14, 198, 139,  63, 215,  23, 123, 103,
    218, 161, 190, 121, 140, 242, 146, 156,  66, 104,  50, 107, 227, 240,  65, 245,
     80,   6, 165,  48, 134,   5,  75, 194, 187, 202, 164, 244,  16,  95, 157,  24,
     76,  72, 238, 154,  37, 181, 199,   2, 148, 158, 106,  33,  42, 189, 193, 237
]

# Single line format:
[105, 130, 214, 129, 26, 235, 21, 91, 46, 248, 151, 233, 20, 211, 207, 255, 127, 55, 40, 15, 125, 216, 53, 137, 232, 112, 222, 59, 231, 221, 252, 30, 120, 0, 122, 25, 41, 178, 4, 183, 188, 171, 71, 47, 51, 239, 84, 118, 192, 60, 224, 175, 167, 79, 29, 31, 143, 173, 45, 27, 54, 185, 247, 186, 92, 113, 99, 184, 205, 243, 12, 62, 149, 179, 136, 78, 22, 223, 213, 34, 108, 17, 210, 96, 254, 32, 3, 69, 177, 124, 145, 230, 85, 200, 93, 98, 132, 196, 126, 141, 28, 115, 87, 90, 246, 88, 9, 13, 250, 44, 94, 201, 39, 234, 82, 57, 220, 174, 74, 7, 117, 100, 251, 219, 89, 81, 128, 163, 114, 133, 176, 38, 86, 241, 228, 61, 35, 70, 77, 208, 83, 49, 18, 226, 162, 217, 58, 1, 109, 168, 169, 97, 67, 212, 11, 153, 135, 160, 204, 111, 170, 8, 155, 144, 138, 236, 116, 43, 191, 182, 180, 110, 253, 102, 56, 64, 131, 206, 159, 195, 52, 172, 229, 147, 68, 249, 209, 197, 166, 203, 150, 36, 10, 225, 19, 142, 73, 119, 152, 101, 14, 198, 139, 63, 215, 23, 123, 103, 218, 161, 190, 121, 140, 242, 146, 156, 66, 104, 50, 107, 227, 240, 65, 245, 80, 6, 165, 48, 134, 5, 75, 194, 187, 202, 164, 244, 16, 95, 157, 24, 76, 72, 238, 154, 37, 181, 199, 2, 148, 158, 106, 33, 42, 189, 193, 237]
