# Final optimized S-box - COMPOSITE FITNESS WITH EARLY STOPPING
# Generated on: 2026-01-30T12:55:31.896
# Format: 16 values per line (256 total)

sbox = UInt8[
    105, 130, 214, 129,  26, 235,  21,  27,  46, 248, 151,  44,  84, 211, 207, 255,
    127,  19,  40,  14, 125, 216,  53, 137, 232, 112, 222,  63, 231, 221, 252, 158,
    120,   0, 122, 121,  41, 178,   4, 183, 188, 142,  71, 170,  51, 239,  52, 118,
    228,  60, 224, 175, 167,  79,  29,  30, 143, 173,  45,  59,  54, 185, 247, 190,
     92, 113,  99, 184, 205, 243,  12,  31, 149, 179, 136,  78,  22, 223, 212,  38,
    108,  16, 210,  96, 254,  32,   3,  69, 177, 124, 145, 230,  85, 200,  28,  98,
    128, 196, 126, 237,  25, 115,  87,  90, 215,  88,   9,  13, 186, 172,  94, 201,
     39, 234,  82,  57, 220, 203,  74,   7, 117, 100, 251, 219,  93,  81, 132, 163,
    114, 165, 164,  34,  86, 241, 160,  61,  35,  70,  77, 208,  83,  17,  18, 226,
    162, 217,  58,   1, 109, 171, 169,  97,  67, 148, 107, 153, 135, 176, 204, 111,
     47,   8, 155, 144, 138, 236, 116,  11, 191, 182, 180, 110, 253, 102,  56,  64,
    131, 206, 159, 195,  20, 233, 229, 147,  68, 249, 209, 197, 166, 168, 150,  36,
     10, 225,  23,  15,  73, 119, 152, 101, 174, 198, 139,  95, 246,  55,  91, 103,
    218, 161, 250,  89, 140, 242, 146, 156,  66, 104,  50,  43, 227, 240,  65, 245,
     80,   6, 133,  48, 134,   5,  75, 194, 187, 202, 192, 244,  49, 123, 157,  24,
     76,  72, 238, 154,  37, 181, 199,   2, 213,  62, 106,  33,  42, 141, 193, 189
]

# Comma-separated format:
105, 130, 214, 129, 26, 235, 21, 27, 46, 248, 151, 44, 84, 211, 207, 255, 127, 19, 40, 14, 125, 216, 53, 137, 232, 112, 222, 63, 231, 221, 252, 158, 120, 0, 122, 121, 41, 178, 4, 183, 188, 142, 71, 170, 51, 239, 52, 118, 228, 60, 224, 175, 167, 79, 29, 30, 143, 173, 45, 59, 54, 185, 247, 190, 92, 113, 99, 184, 205, 243, 12, 31, 149, 179, 136, 78, 22, 223, 212, 38, 108, 16, 210, 96, 254, 32, 3, 69, 177, 124, 145, 230, 85, 200, 28, 98, 128, 196, 126, 237, 25, 115, 87, 90, 215, 88, 9, 13, 186, 172, 94, 201, 39, 234, 82, 57, 220, 203, 74, 7, 117, 100, 251, 219, 93, 81, 132, 163, 114, 165, 164, 34, 86, 241, 160, 61, 35, 70, 77, 208, 83, 17, 18, 226, 162, 217, 58, 1, 109, 171, 169, 97, 67, 148, 107, 153, 135, 176, 204, 111, 47, 8, 155, 144, 138, 236, 116, 11, 191, 182, 180, 110, 253, 102, 56, 64, 131, 206, 159, 195, 20, 233, 229, 147, 68, 249, 209, 197, 166, 168, 150, 36, 10, 225, 23, 15, 73, 119, 152, 101, 174, 198, 139, 95, 246, 55, 91, 103, 218, 161, 250, 89, 140, 242, 146, 156, 66, 104, 50, 43, 227, 240, 65, 245, 80, 6, 133, 48, 134, 5, 75, 194, 187, 202, 192, 244, 49, 123, 157, 24, 76, 72, 238, 154, 37, 181, 199, 2, 213, 62, 106, 33, 42, 141, 193, 189
