# V3 Final S-box - TRIPLE SWAP KAPALI
# Generated on: 2026-01-21T00:53:42.907

sbox = UInt8[
    114,   4, 177, 128, 144, 165, 121, 219, 130, 226, 253,  30, 136, 221, 237, 232,
     62,  61, 246, 150,  54, 212, 245, 248,  27, 157, 112,  93,  64,  18, 149,  69,
    162, 108, 124,  14,  38, 173, 250, 120, 193, 127,  88, 122,  13, 174, 126, 125,
    208,  59, 143, 154, 201,  76, 203, 137,  25, 101, 175,  23, 233, 224, 107, 210,
    164, 163,  60, 190,   9,  83,  96, 215,  79,  94, 202,  49, 111,  52,  37, 160,
     45,  41,  22,  74,  35, 184, 169,  66,  56, 235,  90, 113, 155, 216,  21, 119,
    239, 231,  89,  40,   8,   3, 172, 146, 129, 161,  36, 132,  98, 140,  10, 206,
     19, 217, 218, 106,  55, 195, 117,  58, 243, 254,   7,  50, 115, 236, 171,  48,
     92, 134, 186, 189, 188, 100,  39, 156,  44,   6, 205, 138,  97, 255, 110, 194,
    131,  46, 103, 227, 159,  84,  67, 198,  77, 181, 200, 178, 135, 180,  70, 207,
    228, 204,  34,  82, 211, 209, 185, 187, 213, 141,  53, 249, 182,  31, 225,  87,
     17,  16, 252,  26, 170,  20,   1,  15, 240,  75, 142, 168, 220,  47, 123,  65,
     95, 118,  86,  99,  81,  91,  51, 105, 238, 199,  72, 242, 148, 153, 133, 109,
    179,  80, 139, 176, 229,  33,   0, 223, 192,  63, 191, 145, 197,  24, 222, 158,
    214,  78, 183,  57, 230,  29, 241, 196,  85, 116,  43,  12,  71, 166,  32,  42,
    167, 152, 251, 102, 147,   2,   5, 104,  68, 244,  28,  73, 151, 234, 247,  11
]
