# Final optimized S-box - COMPOSITE FITNESS WITH EARLY STOPPING
# Generated on: 2026-02-02T16:06:05.626
# Format: 16 values per line (256 total)

sbox = UInt8[
    142, 107,  95, 243, 215,  98, 212,  78, 248,  18,   8, 208,  21, 132,  89, 179,
    230,   3,   4,  45, 114, 157, 244,  87,  83, 217, 183,  19, 154, 249,  11,  40,
    149,  49, 148,  71, 192, 225, 116, 240,  85,  82, 180,  51, 220,  10, 100, 156,
    159,  69, 247,  96,  76,  43, 161, 214, 151,  77,  90,  84, 207,  70,  15, 164,
    131, 178,   0, 158,  41, 181,  65, 109,  34,  38, 119, 129,  24,  60, 135,  80,
    106, 201, 255,  64, 186,  73, 187, 150, 177, 163, 219, 231, 190, 199, 252, 122,
     23,  37,  91, 189,  55, 184,   7, 121, 127,  94, 143, 173, 210, 235, 137, 182,
    141, 108,  86, 152, 205, 105,  13, 232,  48, 216, 134, 221, 195,  92, 185,  54,
    196,  61,  31,   2, 175, 234,  42, 111, 209, 246, 203,   6,  79, 226,  63,  44,
     93, 176,  39, 229, 120, 200, 239, 253, 193, 238, 117,  99,  56,  22, 126, 112,
     66, 167, 172,  16, 228, 223,  74,  20, 146, 188, 155, 174, 245, 118, 162,  88,
    124, 113,  81,  33, 191, 166,  75,  28,  47, 138,  26, 169,  68, 136,  36,  17,
    147, 139, 206, 241, 233,  27, 168, 103,  30, 194,  72,  25, 153, 202, 160, 102,
    145, 165, 197, 213,  35, 224, 128, 198,  46,  67,   5, 251,  29, 115, 104, 218,
     12, 140, 242,  14,   1,  32, 170, 236, 171, 222, 110,  53,  57, 227, 101,   9,
    254, 125, 211, 237,  59,  97,  58,  52, 133, 144, 250, 123, 204,  62, 130,  50
]

# Comma-separated format:
142, 107, 95, 243, 215, 98, 212, 78, 248, 18, 8, 208, 21, 132, 89, 179, 230, 3, 4, 45, 114, 157, 244, 87, 83, 217, 183, 19, 154, 249, 11, 40, 149, 49, 148, 71, 192, 225, 116, 240, 85, 82, 180, 51, 220, 10, 100, 156, 159, 69, 247, 96, 76, 43, 161, 214, 151, 77, 90, 84, 207, 70, 15, 164, 131, 178, 0, 158, 41, 181, 65, 109, 34, 38, 119, 129, 24, 60, 135, 80, 106, 201, 255, 64, 186, 73, 187, 150, 177, 163, 219, 231, 190, 199, 252, 122, 23, 37, 91, 189, 55, 184, 7, 121, 127, 94, 143, 173, 210, 235, 137, 182, 141, 108, 86, 152, 205, 105, 13, 232, 48, 216, 134, 221, 195, 92, 185, 54, 196, 61, 31, 2, 175, 234, 42, 111, 209, 246, 203, 6, 79, 226, 63, 44, 93, 176, 39, 229, 120, 200, 239, 253, 193, 238, 117, 99, 56, 22, 126, 112, 66, 167, 172, 16, 228, 223, 74, 20, 146, 188, 155, 174, 245, 118, 162, 88, 124, 113, 81, 33, 191, 166, 75, 28, 47, 138, 26, 169, 68, 136, 36, 17, 147, 139, 206, 241, 233, 27, 168, 103, 30, 194, 72, 25, 153, 202, 160, 102, 145, 165, 197, 213, 35, 224, 128, 198, 46, 67, 5, 251, 29, 115, 104, 218, 12, 140, 242, 14, 1, 32, 170, 236, 171, 222, 110, 53, 57, 227, 101, 9, 254, 125, 211, 237, 59, 97, 58, 52, 133, 144, 250, 123, 204, 62, 130, 50
