# V5 Final S-box - GUIDED SWAP KAPALI
# Generated on: 2026-01-20T11:00:04.702

sbox = UInt8[
    175, 246, 255,   1, 236, 248, 200, 221,  66, 245, 164, 169,  90, 110, 193,  92,
     73, 214,  53, 201, 139,  37,  68,  12, 106,   8, 171, 224, 153,  83,  22, 161,
    123, 107, 115, 148, 142, 252, 149, 154,  18, 194,  45,  27,  86, 240,  54,  60,
    114, 199, 254, 238, 144, 251, 173,  38, 253, 196,  20, 100, 205, 223,  94, 247,
     46, 190, 130, 150, 119, 155,  25,  23,  67, 151, 250, 134,  44,  49,  82, 230,
    113, 203,  39, 228, 186,  52, 182,  42, 120, 181, 210,  47, 180, 234, 116, 127,
    215, 213, 249, 156, 105, 237, 226, 103,  81, 170, 217, 102, 178,  51,  10, 231,
    183, 188, 174, 195, 187, 117,  48,   7, 207, 189, 136, 133, 235, 129, 109, 101,
      0, 157, 128,  85,   5, 177,  75, 138, 212,  55,  64, 158,  99, 243,  89,  56,
    125,   6,  69,  16, 204, 244, 143,   3,  77,  98, 112, 141,  32,   9, 131, 162,
    192,  15, 135, 197, 172,  14, 126, 206,  88,  57, 104,  65,  74,  43, 167, 241,
     30, 168, 165, 163, 122, 218, 219,  62,  58,  13, 147, 232, 239, 146, 229,  19,
    124,  84,  40,  41,  80,  95,  79,  91,  63, 145,  78,  93,  28,  96, 160, 176,
     97,  35, 225, 191,   4,  11, 211, 185,  26, 152,  29, 198,  50,  31,  33, 184,
    222, 121, 220,  36, 233,  70, 209, 227,   2,  61,  76,  72, 137,  71,  34, 118,
    132,  21, 202, 108, 216,  59, 140, 159,  24,  87, 208, 166, 242, 111,  17, 179
]
