# Final optimized S-box - COMPOSITE FITNESS WITH EARLY STOPPING
# Generated on: 2026-02-01T21:22:00.636
# Format: 16 values per line (256 total)

sbox = UInt8[
    114, 168, 162, 116, 155, 129,  77, 219, 166, 226, 253,  30, 136, 221,   5, 236,
     62,  52, 246, 211,  71,   2, 245, 157,  27, 192, 112,  13,  63, 248, 149,  73,
    177, 121,  85, 224, 143, 173, 250, 144, 109, 247,  88, 122,  47, 238, 126, 125,
    210, 223,  38, 154,  83, 101, 207, 130,  25, 134, 175,  67, 233, 158, 107, 242,
    164, 229, 190, 193,   9, 201, 145, 104,  79,  94, 202, 232, 111,  61,  37, 160,
     45,  41,  70, 216, 234, 163, 172,  22,   7, 235,  74, 124, 249, 220,  21, 119,
    204, 231,  89,  15, 128,   3, 184,  39, 181, 161,  32, 132,  98, 140,  10, 206,
     19, 217, 127, 106,  57, 195,  99,  58,  51, 254, 120,  50, 182,  43, 171,  48,
    108,  76,  56, 228, 188,  44, 174, 156, 100,   6, 205, 150,  97, 239, 110, 194,
    225,  34,  26, 227, 159,  80,  18,  93,  12, 133, 200, 178, 135, 113, 198, 203,
     92, 191,  14,  84, 138, 209, 185, 187, 213, 141, 180, 186,   0,  31,  96,  23,
     17,  16, 252, 165, 222, 142,   1, 148,  64,  75, 241,   4,  60, 189, 123,  65,
     95, 118,  82, 117, 208,  91, 243, 105,  35,  81,  72, 237, 215, 153, 169, 115,
    179,  86, 139, 176, 199, 137,  46,  59,  87, 240, 255,  69, 197,  24, 170,  90,
    214,  78, 183,  55, 230,  29,  33, 196,  53,  28,  49,  66,  54, 146, 244,  42,
    167, 152, 251, 102, 147, 212, 103,  40,  68,  36,   8, 131, 151,  20, 218,  11
]

# Comma-separated format:
114, 168, 162, 116, 155, 129, 77, 219, 166, 226, 253, 30, 136, 221, 5, 236, 62, 52, 246, 211, 71, 2, 245, 157, 27, 192, 112, 13, 63, 248, 149, 73, 177, 121, 85, 224, 143, 173, 250, 144, 109, 247, 88, 122, 47, 238, 126, 125, 210, 223, 38, 154, 83, 101, 207, 130, 25, 134, 175, 67, 233, 158, 107, 242, 164, 229, 190, 193, 9, 201, 145, 104, 79, 94, 202, 232, 111, 61, 37, 160, 45, 41, 70, 216, 234, 163, 172, 22, 7, 235, 74, 124, 249, 220, 21, 119, 204, 231, 89, 15, 128, 3, 184, 39, 181, 161, 32, 132, 98, 140, 10, 206, 19, 217, 127, 106, 57, 195, 99, 58, 51, 254, 120, 50, 182, 43, 171, 48, 108, 76, 56, 228, 188, 44, 174, 156, 100, 6, 205, 150, 97, 239, 110, 194, 225, 34, 26, 227, 159, 80, 18, 93, 12, 133, 200, 178, 135, 113, 198, 203, 92, 191, 14, 84, 138, 209, 185, 187, 213, 141, 180, 186, 0, 31, 96, 23, 17, 16, 252, 165, 222, 142, 1, 148, 64, 75, 241, 4, 60, 189, 123, 65, 95, 118, 82, 117, 208, 91, 243, 105, 35, 81, 72, 237, 215, 153, 169, 115, 179, 86, 139, 176, 199, 137, 46, 59, 87, 240, 255, 69, 197, 24, 170, 90, 214, 78, 183, 55, 230, 29, 33, 196, 53, 28, 49, 66, 54, 146, 244, 42, 167, 152, 251, 102, 147, 212, 103, 40, 68, 36, 8, 131, 151, 20, 218, 11
