# Final optimized S-box - COMPOSITE FITNESS WITH EARLY STOPPING
# Generated on: 2026-01-29T10:30:33.845
# Format: 16 values per line (256 total)

sbox = UInt8[
    144, 157, 139,  72, 158,  39, 230, 128, 134, 132, 111, 123,  99,  37, 184,   7,
    160, 222,   0,  74, 101, 198, 202,  93, 248,   6, 125, 196, 104, 185, 109,  96,
    243, 108, 249, 159, 242,  75, 253,  52, 146, 246, 211, 234, 229, 121,  83, 189,
    167,  63,  32, 186, 191,  22, 219, 151,  24,  87,  51, 227, 106,  57, 226, 245,
      9, 162,   4,  35,  19,  16, 228,  82,  50,  90, 131, 154,  69,  45,  62, 143,
     44, 204,  55, 129, 161, 115, 244,  31, 135, 251,  65,  92, 193,  67,  43, 175,
     54, 149, 179, 254, 133, 126, 178, 231,   1,  66,  29,  38, 224, 140,   8,  95,
    180,  98, 182, 166, 124, 114, 183, 164, 225,  64, 141, 236,  68, 237, 174,  73,
     25, 177,  10, 250,  47, 255, 240,  13, 252, 210, 170, 171, 122,   3, 112, 216,
    100,   2, 235,  78,  56,  76, 156,  89, 209, 217, 201, 213, 153,  33,  42,  26,
     60, 238, 168, 145,  15,  58, 200,  91, 127, 208,  18,  20, 212, 218,  53,  88,
     84, 116,  34,  86, 214, 233, 247, 137, 176, 155, 110,  77,  12, 169, 105, 194,
     14, 195,  79, 172, 190, 103, 232, 173, 107, 203,  94,  48, 221, 197,  40,  59,
     28, 181,  85, 147, 187,  36,  46, 138,  30, 119, 215, 205, 130, 165, 241,  23,
    207,  97, 150,  21, 239, 113, 118, 199, 136, 192,  27, 142,  17,  71, 117,  41,
    163, 223, 188,  81,  49,  11,  70, 220,  61,  80, 102, 148,   5, 206, 152, 120
]

# Comma-separated format:
144, 157, 139, 72, 158, 39, 230, 128, 134, 132, 111, 123, 99, 37, 184, 7, 160, 222, 0, 74, 101, 198, 202, 93, 248, 6, 125, 196, 104, 185, 109, 96, 243, 108, 249, 159, 242, 75, 253, 52, 146, 246, 211, 234, 229, 121, 83, 189, 167, 63, 32, 186, 191, 22, 219, 151, 24, 87, 51, 227, 106, 57, 226, 245, 9, 162, 4, 35, 19, 16, 228, 82, 50, 90, 131, 154, 69, 45, 62, 143, 44, 204, 55, 129, 161, 115, 244, 31, 135, 251, 65, 92, 193, 67, 43, 175, 54, 149, 179, 254, 133, 126, 178, 231, 1, 66, 29, 38, 224, 140, 8, 95, 180, 98, 182, 166, 124, 114, 183, 164, 225, 64, 141, 236, 68, 237, 174, 73, 25, 177, 10, 250, 47, 255, 240, 13, 252, 210, 170, 171, 122, 3, 112, 216, 100, 2, 235, 78, 56, 76, 156, 89, 209, 217, 201, 213, 153, 33, 42, 26, 60, 238, 168, 145, 15, 58, 200, 91, 127, 208, 18, 20, 212, 218, 53, 88, 84, 116, 34, 86, 214, 233, 247, 137, 176, 155, 110, 77, 12, 169, 105, 194, 14, 195, 79, 172, 190, 103, 232, 173, 107, 203, 94, 48, 221, 197, 40, 59, 28, 181, 85, 147, 187, 36, 46, 138, 30, 119, 215, 205, 130, 165, 241, 23, 207, 97, 150, 21, 239, 113, 118, 199, 136, 192, 27, 142, 17, 71, 117, 41, 163, 223, 188, 81, 49, 11, 70, 220, 61, 80, 102, 148, 5, 206, 152, 120
