# Final optimized S-box - COMPOSITE FITNESS WITH EARLY STOPPING
# Generated on: 2026-01-29T10:11:49.887
# Format: 16 values per line (256 total)

sbox = UInt8[
    144, 157, 189,  72, 131,   3, 230, 128, 134, 132,   8,  27,  99,  22, 237, 122,
    160, 152,  29,  74, 101, 198, 202,  93,  66,   6,  88, 196, 104, 216, 109,  96,
    243, 108, 249, 159,  12,  64, 253,  52, 146, 246, 211, 234, 229, 233,  83, 227,
    167,  63,  32, 158, 191,  95, 219, 151, 228,  87,  51, 161, 106, 177, 213,   5,
      9, 162,   4,  59,  19,  16, 116,  82,  50, 225, 169, 154,  69,  45,  62, 192,
     44, 204,  55, 206,  89, 115, 244,  98, 135, 251, 184,  92, 193,  67,  43, 175,
     38, 149, 179, 124, 133, 126,  31, 231,   1,  65,   0,  56,  20, 140,   7,  37,
     47, 210, 182, 166, 254, 114, 240, 164, 200, 242, 141, 236,  68, 180, 174,  73,
     25, 220,  10, 250, 207, 255, 129,  13, 252, 183, 170, 171, 111, 173, 112, 217,
    100,   2, 235,  78,  54,  76, 156, 147, 209, 205, 127,  77, 145,  33,  42,  14,
     60, 238, 195, 185,  39,  58,  91, 218, 201, 165, 121,  46, 212,  90,  53, 139,
     84, 245, 123,  86, 214, 187, 208, 172, 176, 155, 241, 226,  75, 130, 105, 194,
     26, 138, 221,  79, 190, 103, 232, 153, 107, 203, 110, 248, 224, 197,  40,  81,
     34, 181,  85, 125,  15,  36,  57, 168,  30, 119, 215,  18, 199, 247,  97,  23,
    102,  94, 150,  21, 239, 113, 118, 178, 136, 143,  48, 142,  17,  71, 117,  41,
    163, 223, 188,  35,  49,  11,  70,  24,  61,  80,  28, 148, 137, 186, 222, 120
]

# Comma-separated format:
144, 157, 189, 72, 131, 3, 230, 128, 134, 132, 8, 27, 99, 22, 237, 122, 160, 152, 29, 74, 101, 198, 202, 93, 66, 6, 88, 196, 104, 216, 109, 96, 243, 108, 249, 159, 12, 64, 253, 52, 146, 246, 211, 234, 229, 233, 83, 227, 167, 63, 32, 158, 191, 95, 219, 151, 228, 87, 51, 161, 106, 177, 213, 5, 9, 162, 4, 59, 19, 16, 116, 82, 50, 225, 169, 154, 69, 45, 62, 192, 44, 204, 55, 206, 89, 115, 244, 98, 135, 251, 184, 92, 193, 67, 43, 175, 38, 149, 179, 124, 133, 126, 31, 231, 1, 65, 0, 56, 20, 140, 7, 37, 47, 210, 182, 166, 254, 114, 240, 164, 200, 242, 141, 236, 68, 180, 174, 73, 25, 220, 10, 250, 207, 255, 129, 13, 252, 183, 170, 171, 111, 173, 112, 217, 100, 2, 235, 78, 54, 76, 156, 147, 209, 205, 127, 77, 145, 33, 42, 14, 60, 238, 195, 185, 39, 58, 91, 218, 201, 165, 121, 46, 212, 90, 53, 139, 84, 245, 123, 86, 214, 187, 208, 172, 176, 155, 241, 226, 75, 130, 105, 194, 26, 138, 221, 79, 190, 103, 232, 153, 107, 203, 110, 248, 224, 197, 40, 81, 34, 181, 85, 125, 15, 36, 57, 168, 30, 119, 215, 18, 199, 247, 97, 23, 102, 94, 150, 21, 239, 113, 118, 178, 136, 143, 48, 142, 17, 71, 117, 41, 163, 223, 188, 35, 49, 11, 70, 24, 61, 80, 28, 148, 137, 186, 222, 120
