# V5 Final S-box - GUIDED SWAP KAPALI
# Generated on: 2026-01-21T23:08:37.578

sbox = UInt8[
    194, 112, 175,  35, 230,  37, 228, 197,  79, 202, 182, 199, 108, 223, 216, 125,
     98,  45, 126,  51, 251, 240, 142,  39,  34,  75, 244, 117, 185, 205,  95, 146,
     46, 186,  91, 183, 176, 149,  48, 232, 127,  16, 168, 166,  62,  60, 247, 145,
    106,   9, 211, 222, 109, 191, 212,  72, 164, 180, 116,  96,  81, 169,  36,  32,
    241, 159, 119, 100, 190,   0, 141,  77, 189,  84,  86,   6,  97,  74, 178, 225,
    239, 151, 156, 231, 103, 172, 206, 198, 171,  44, 238,  88,  25,  67, 104, 224,
    221,  76, 174,  78,  83,  20,  94, 248, 121, 246, 140,  65, 215, 154, 160,   7,
    114, 157, 195,  40, 201, 165,  61,  92, 148, 234, 226, 105, 132, 101,  11,  68,
    123, 118,   1, 203,  56, 137, 133,  10, 200, 181, 122, 124, 196, 209, 120, 170,
     43,  80,  89,  29,  63, 193, 187, 128,  49, 135, 192,  70, 220,  47,   8, 111,
    227,  30,   5, 207, 204, 214, 155, 158, 188, 229,  17,  59,   4,  53, 217, 213,
     41, 143,  58,  13, 250,  54,  55, 254,  57, 255, 236, 179,  64,  85, 167, 144,
     23,  31,  15, 253, 163, 219,   2, 115, 233,  52,   3, 107,  71,  87,  99, 177,
     14,  28,  69, 136,  93, 102, 208, 150, 237,  26,  18,  50,  42,  21, 153, 134,
     38, 235, 110, 249,  73,  82,  12, 161, 243, 129, 184,  33,  90,  22,  19, 138,
    218,  27, 139,  24, 152, 210, 131, 130, 245, 147, 173, 113, 162,  66, 252, 242
]
