# V3 Final S-box - TRIPLE SWAP KAPALI
# Generated on: 2026-01-20T20:13:53.705

sbox = UInt8[
    252, 107,  79,  19, 230,  98, 223,  78, 183,  18,   8, 208, 222, 132, 248, 225,
    205,   3,   4,  45,  27, 174, 255,  87, 168, 217, 163, 102, 154, 249,  11,  44,
    149,  49, 213,  71, 190,  93, 116, 177,  85,  74, 180, 137, 220, 167, 100, 156,
    140,  69, 247, 127,  76,  43, 161,  21, 151,  77,  90, 198, 235, 201, 157, 164,
    131,  10,   0, 146,  41,  52,  65, 148,  34,  38, 229, 111,  95,  36, 135,  80,
    178, 166, 244,  64, 186,  73, 187, 117, 240, 212, 219, 231,  24, 199, 142, 122,
     23, 150, 251, 189,   2,  89,   7, 121,  25,  94, 143, 109,  30, 207, 159, 182,
    246, 108,  86,  57, 160, 105,  13, 232,   6, 214, 224, 211, 110,  51, 185,  15,
    196,  31,  14, 162, 175, 234,  42,  59, 209, 243, 203, 134, 195, 226,  63,  70,
    179, 145,  39, 204, 120, 200, 106, 253, 193, 206, 126,  99,  56,  22,  97, 112,
    158, 239, 172, 233,  96, 115,  82,  20,  66, 250, 155, 221, 245, 218,  55,  68,
    124, 113, 139, 238, 191, 184, 170,  28,  47,  48,  26, 169, 104, 136,  37,  17,
    147, 188, 228, 241,  16, 138,  83, 103, 210, 130, 152,  33,  29, 202, 165, 141,
      1,  40, 197, 176,  35,  75, 128,  84,  46,  67,   5,  91, 153, 114, 216, 118,
     12, 119, 242, 192, 129,  32,  88, 236, 171, 237,  61,  53, 194,  81, 101,  62,
    254,  60, 227, 215, 173, 125,  58, 181, 133, 144,  72, 123,  92,   9,  54,  50
]
