# V5 Final S-box - GUIDED SWAP KAPALI
# Generated on: 2026-01-20T23:05:48.782

sbox = UInt8[
    188,  43, 226, 122, 200, 171, 203,  99, 218, 178, 196, 125,  27, 247,  23, 152,
     52, 194,  10, 189,   8,   6,  75, 119, 250, 237, 147, 211, 246,  56, 215, 243,
      5, 114, 167, 111, 239,  77,  62,  74, 229, 123, 169, 233,  12, 113, 216, 126,
    208, 254,  88, 135, 144,  94,  29, 159, 185,  18, 131,  42, 191,  20,  93, 105,
    117, 187,  36, 201, 210,  21,  25, 198,  17, 225,   3, 145,  58, 172, 161, 222,
     79, 130,  46, 192, 110, 149, 151, 230, 138, 164,  86, 102,  24,  95,  82, 205,
    221,   9,   7, 112, 104,  87, 118, 136, 133,  47,  59,  71, 166, 143,  34,  57,
     96,  22, 197, 154, 103,  14, 162, 170, 100, 150, 180,  65, 212,  84, 140, 245,
     97, 202, 106, 244,  90,  30, 165,  81,  48, 137,  16,  39,  13, 153, 252,  98,
    219,  19,  76, 220, 193, 134,  68,  70, 156, 249, 121,  73, 227, 127,  64, 109,
    253, 158, 186, 129,  44, 101, 155, 231, 160, 241,  26,  89,  28, 163, 204,  33,
    124, 182, 175,   4, 168,  92, 207,  11, 157,  45, 199,  72, 224, 242, 214, 148,
     78, 174,  69, 146,  50, 173, 176,  32, 217, 141, 255, 206, 248, 235, 223,  41,
    238,  38,   0,  51,  54,  91,  49, 181,  31, 116,  53, 234, 115,  67, 190,  40,
    139, 236,   1, 177, 179,  60,  66,   2, 108, 128,  63, 213, 142,  61, 195,  80,
     85, 132,  15, 183,  55,  35, 209, 232, 184, 251, 120,  37, 107,  83, 228, 240
]
