# V5 Final S-box - GUIDED SWAP KAPALI
# Generated on: 2026-01-21T00:07:12.171

sbox = UInt8[
    252,  37,  62, 102, 212, 134, 118, 202,  34,  76, 121,  90, 104, 159, 112, 126,
     82, 190,  73,  69, 229,  36, 124,  12,  71,  41,   7, 113, 169, 123,  55, 183,
     97, 152, 226,  17,  21, 164, 250, 243, 186, 173, 111, 214, 220, 130,  61, 125,
    227, 110, 236, 203,   2,  64,  52, 208, 213,   8, 147, 120,  72, 162, 215,   9,
    182,  85, 153, 193,  96, 205, 106, 232,  50,  38, 127, 218, 180, 216, 149,  54,
     29, 189,  65,  33, 139, 154, 119, 143,  32,  99,  39,  58,  86, 171,  74, 167,
    135, 160, 211,  80,  22, 197, 254,  14, 198,  49, 138,  44, 242, 107, 241,  94,
     93,  28,  15, 223, 196, 145, 225, 116, 235, 158, 185, 181, 109,  48, 172,  26,
    156, 132,   3, 210, 129, 247, 176,  16, 222, 137, 100, 177, 163,  45,  67,  92,
    200, 228,   4,  53,  40, 201, 234,  23, 199,  79, 148, 142, 133, 175,   5,  11,
    168,  59,  70,  75, 122, 146, 184,  77,  89, 187, 140, 239,  91, 166, 240, 237,
    141, 194,  30,  25,  18, 174,  27,  19, 204, 207, 101, 246, 157, 151, 231, 136,
      0,  83, 161, 188, 244,  42,  98,  43, 103, 224,  87, 195, 117,  68, 217,  35,
     60, 150,  81, 248,  56,  24, 128, 165, 255, 221, 253,  20, 155, 144, 178, 179,
     13, 206,   6,  66,  88,  84,  95,  10, 249, 170, 115,  57,  78,  47, 191,  46,
    209,  51, 233,   1, 219, 114, 230, 238, 108, 192, 251,  31, 105,  63, 131, 245
]
