# V5 Final S-box - GUIDED SWAP KAPALI
# Generated on: 2026-01-20T10:40:23.418

sbox = UInt8[
    198,  22,  19, 197, 245, 184, 246,   4, 135, 138,  79, 169,  15,  23, 113,  51,
     75, 252, 146, 103,  53,  47, 120, 149, 212, 156, 247, 106,  52,  32,  12,  55,
      3, 199, 100,   7,  92,  41,  77, 123, 243, 190, 178, 204, 133, 131, 126, 225,
      8,  28, 241,  16, 192, 189,  27,  95, 111,  97, 151,  48, 128,  62, 188, 255,
    136, 143, 114,  35, 134,  65, 177,  39, 161, 108, 194, 242, 155, 129,  81, 209,
    110, 216, 164,  86, 231,   1, 233,  64, 248, 219,  76, 229, 159, 239,  70, 130,
    170, 139,  99,  21, 185, 237, 174,  14, 182, 222,   6, 176, 208,  94,  84,  18,
     73,  17,  54, 141,   9, 183,  36,  26,   5, 193, 102, 137, 171, 207, 214,  25,
    221, 163, 232,  31,  58,  91,  80, 115,  46,  10,  24, 145, 144, 201, 168, 153,
    228, 142, 109, 223, 226, 112, 196, 202, 118,  44, 162,  74, 160, 167,  93,  20,
    150, 166, 254,  49, 180,  38, 124,  50, 104,  88,  82,  72, 152,  78,  33, 140,
    234, 210,  69, 236, 218, 148, 147, 157, 250, 154, 173, 119,  13, 238,  57, 240,
     83, 122,  63, 179, 187, 220,  61,  30,  37, 158,  89, 165,  56,  90, 181, 230,
     59,  40,  71, 105, 235, 116, 227, 172,  66, 244, 211, 206,  85, 253, 203, 186,
    125,  45, 175, 121,   0, 200, 224, 217, 101,  96, 117,  60, 251, 107,  42,  43,
    215, 249, 213,  11,  67, 132, 127, 195, 191,   2,  68, 205,  29,  87,  34,  98
]
