# Final optimized S-box - COMPOSITE FITNESS WITH EARLY STOPPING
# Generated on: 2026-01-30T03:54:06.631
# Format: 16 values per line (256 total)

sbox = UInt8[
    144, 149, 161, 185,  31, 235, 230, 179, 134, 132,  58,  36,  99,  37, 184,  56,
    160,  64, 216,  74,  53, 105,  16,  93,  66,   6, 147, 196, 104,   3, 109,  96,
    195, 108, 249, 159,  14,   0, 129,  45, 211,  87, 241, 234, 229, 198,  83, 253,
    204,  63,  34, 158, 191,  22, 243, 112, 228, 218, 107, 189, 106, 201, 226, 177,
      9, 162,  12,  59,  19, 127, 113,  82,  50, 233, 200, 154,  69,  10,  62, 143,
     44, 246,  55, 170,  89, 115, 245,  98, 135, 125,  65,  92, 240,  67,  43, 175,
     52,  32, 151, 111, 141, 126, 178, 231,   1, 188,  29,   7,  11, 140,  26,  95,
      8, 227, 182, 166, 254, 114, 232, 164, 225, 242, 205, 236,  68, 237, 174,  73,
     25, 208,  60, 248, 207, 255,  91,  13, 187, 183, 210, 171, 122, 217,  27,  49,
    100, 146,  41,  78,  54,  76, 152, 139, 209, 133, 203,  77, 220,  33,  42,   4,
     57, 238, 116, 145, 102, 180, 156, 222, 101, 153, 173,  20, 212, 167,  39,  88,
     84, 244, 123,  86, 199, 124,   2, 137, 176, 155, 214, 213,  75, 131, 252, 194,
     90, 219,  15, 224, 190, 103, 168,  21,  51,  79,  94,  48, 221, 197,  40,  35,
    202, 181,  85, 251,  47, 157,  46, 138,  30, 119, 215,  18, 172, 165, 110,  23,
     28,  97, 148, 121, 239, 117, 118, 247, 136, 192, 128, 142,  17,  71, 193, 169,
    163, 223, 250,  81,  72, 130,  70,  24,  61,  80,  38, 150,   5, 186, 206, 120
]

# Comma-separated format:
144, 149, 161, 185, 31, 235, 230, 179, 134, 132, 58, 36, 99, 37, 184, 56, 160, 64, 216, 74, 53, 105, 16, 93, 66, 6, 147, 196, 104, 3, 109, 96, 195, 108, 249, 159, 14, 0, 129, 45, 211, 87, 241, 234, 229, 198, 83, 253, 204, 63, 34, 158, 191, 22, 243, 112, 228, 218, 107, 189, 106, 201, 226, 177, 9, 162, 12, 59, 19, 127, 113, 82, 50, 233, 200, 154, 69, 10, 62, 143, 44, 246, 55, 170, 89, 115, 245, 98, 135, 125, 65, 92, 240, 67, 43, 175, 52, 32, 151, 111, 141, 126, 178, 231, 1, 188, 29, 7, 11, 140, 26, 95, 8, 227, 182, 166, 254, 114, 232, 164, 225, 242, 205, 236, 68, 237, 174, 73, 25, 208, 60, 248, 207, 255, 91, 13, 187, 183, 210, 171, 122, 217, 27, 49, 100, 146, 41, 78, 54, 76, 152, 139, 209, 133, 203, 77, 220, 33, 42, 4, 57, 238, 116, 145, 102, 180, 156, 222, 101, 153, 173, 20, 212, 167, 39, 88, 84, 244, 123, 86, 199, 124, 2, 137, 176, 155, 214, 213, 75, 131, 252, 194, 90, 219, 15, 224, 190, 103, 168, 21, 51, 79, 94, 48, 221, 197, 40, 35, 202, 181, 85, 251, 47, 157, 46, 138, 30, 119, 215, 18, 172, 165, 110, 23, 28, 97, 148, 121, 239, 117, 118, 247, 136, 192, 128, 142, 17, 71, 193, 169, 163, 223, 250, 81, 72, 130, 70, 24, 61, 80, 38, 150, 5, 186, 206, 120
