# Final optimized S-box - COMPOSITE FITNESS WITH EARLY STOPPING
# Generated on: 2026-01-29T21:18:47.295
# Format: 16 values per line (256 total)

sbox = UInt8[
    105, 130, 198, 129,  26, 235,  21,  11, 175, 248, 151,  44,  54, 211, 207, 255,
    127,  55,  40,  14, 125, 216,  53, 137, 232, 112, 222,  59, 231, 221, 252, 158,
    120,   0, 122,  93,  41, 178,   4, 183, 188, 171,  71,  42,  51, 239,  52,  36,
    214,  60, 224, 136, 167,  79,  29,  30, 143, 173,  45,  27,  28, 185, 247, 186,
     92, 113,   3, 184, 205, 243,  12,  31, 149, 179, 170,  78,  22, 223, 212,  34,
    108,  16, 210,  96, 254,  32,  20,  69, 177, 124, 145, 230,  85, 200,  84,  33,
    128, 196, 126, 172,  25, 115,  87,  90, 215,  88,   9,  13, 250, 203,  94, 201,
     39, 234,  82,  57, 220, 206,  74,   7, 117, 100, 251, 219,  89,  81, 132, 163,
    114, 133, 164,  38,  86, 241, 228,  61,  98, 118,  77, 208,  83,  17,  18, 226,
    162, 217,  58,   1, 109, 168, 169,  97,  67, 148, 107, 153, 135, 176, 204, 111,
     47,   8, 155, 144, 138, 236, 116,  43, 191, 182, 180, 110, 253, 102,  56,  64,
    131, 174, 159, 195,  99, 233, 229, 147,  68, 249, 209, 197, 166, 237, 150,  70,
     10, 225,  19,  15,  73, 119, 152, 101, 142, 192, 139,  63, 246,  23, 123, 103,
    218, 161, 190, 121, 140, 242, 146, 156,  66, 104,  50,  91, 227, 240,  65, 245,
     80,   6, 165,  48, 134,   5,  75, 194, 187, 202, 160, 244,  49,  95, 157,  24,
     76,  72, 238, 154,  37, 181, 199,   2, 213,  62, 106,  35,  46, 141, 193, 189
]

# Comma-separated format:
105, 130, 198, 129, 26, 235, 21, 11, 175, 248, 151, 44, 54, 211, 207, 255, 127, 55, 40, 14, 125, 216, 53, 137, 232, 112, 222, 59, 231, 221, 252, 158, 120, 0, 122, 93, 41, 178, 4, 183, 188, 171, 71, 42, 51, 239, 52, 36, 214, 60, 224, 136, 167, 79, 29, 30, 143, 173, 45, 27, 28, 185, 247, 186, 92, 113, 3, 184, 205, 243, 12, 31, 149, 179, 170, 78, 22, 223, 212, 34, 108, 16, 210, 96, 254, 32, 20, 69, 177, 124, 145, 230, 85, 200, 84, 33, 128, 196, 126, 172, 25, 115, 87, 90, 215, 88, 9, 13, 250, 203, 94, 201, 39, 234, 82, 57, 220, 206, 74, 7, 117, 100, 251, 219, 89, 81, 132, 163, 114, 133, 164, 38, 86, 241, 228, 61, 98, 118, 77, 208, 83, 17, 18, 226, 162, 217, 58, 1, 109, 168, 169, 97, 67, 148, 107, 153, 135, 176, 204, 111, 47, 8, 155, 144, 138, 236, 116, 43, 191, 182, 180, 110, 253, 102, 56, 64, 131, 174, 159, 195, 99, 233, 229, 147, 68, 249, 209, 197, 166, 237, 150, 70, 10, 225, 19, 15, 73, 119, 152, 101, 142, 192, 139, 63, 246, 23, 123, 103, 218, 161, 190, 121, 140, 242, 146, 156, 66, 104, 50, 91, 227, 240, 65, 245, 80, 6, 165, 48, 134, 5, 75, 194, 187, 202, 160, 244, 49, 95, 157, 24, 76, 72, 238, 154, 37, 181, 199, 2, 213, 62, 106, 35, 46, 141, 193, 189
