# Final optimized S-box - COMPOSITE FITNESS WITH EARLY STOPPING
# Generated on: 2026-01-30T01:22:18.502
# Format: 16 values per line (256 total)

sbox = UInt8[
    226, 157, 161,  87, 213, 179,  54, 254, 206,  63, 153,  34,  99,  37, 184,   7,
    160, 152,   0, 105, 101, 198, 215,  93,  66,   6, 147, 196, 104, 216, 174,  96,
    243, 108, 249, 159, 139,  64, 253,  52, 146, 246, 192, 234, 229, 187, 231, 227,
    107, 132,  22, 158,  18,  28, 219, 151, 228, 193,  51, 189, 106,  57, 210, 109,
    116, 162,  59,   4,  19,  16,  55,  82, 125,  90, 169, 154,  23,  45,  62, 143,
     44,  30,  32, 185,  75, 115, 244,  98, 135, 251,  74,  92, 129,  21,  43, 175,
     38, 149,   3, 124, 133, 230, 178, 223,   1, 248,  29,  56, 134, 222, 111,  95,
    180, 144, 182, 166, 202, 114, 240, 164, 225, 242, 141, 239,  68, 188,  69,  73,
     25, 220,  10, 250, 201, 255, 145,  13, 236, 183, 170, 171, 122, 217, 112, 177,
     36,   2, 235,  47, 126,  76,  83, 241, 211,  17,  39,   9, 176,  33,  42,  14,
     60, 238, 168,  94, 119,  58, 200,  89, 142, 208, 121,  20, 140, 218,  53,  88,
     84, 245, 123,  86, 214,  50, 247, 137, 191, 155,  12,  31,  91, 131,  65, 194,
     26, 195, 224,  79, 190, 103, 232, 173,  11, 203, 172,  48, 221, 197,  40,  35,
     78, 165,  85, 138,  15, 102,  46, 233, 156, 127, 150,   8, 130, 181, 110,  72,
     77,  97, 128,  61, 204, 113, 118, 199, 136, 209, 167, 207,  67,  71, 117,  41,
    163, 237, 252,  81,  49,  27,  70,  24, 205,  80, 100, 148,   5, 186, 212, 120
]

# Comma-separated format:
226, 157, 161, 87, 213, 179, 54, 254, 206, 63, 153, 34, 99, 37, 184, 7, 160, 152, 0, 105, 101, 198, 215, 93, 66, 6, 147, 196, 104, 216, 174, 96, 243, 108, 249, 159, 139, 64, 253, 52, 146, 246, 192, 234, 229, 187, 231, 227, 107, 132, 22, 158, 18, 28, 219, 151, 228, 193, 51, 189, 106, 57, 210, 109, 116, 162, 59, 4, 19, 16, 55, 82, 125, 90, 169, 154, 23, 45, 62, 143, 44, 30, 32, 185, 75, 115, 244, 98, 135, 251, 74, 92, 129, 21, 43, 175, 38, 149, 3, 124, 133, 230, 178, 223, 1, 248, 29, 56, 134, 222, 111, 95, 180, 144, 182, 166, 202, 114, 240, 164, 225, 242, 141, 239, 68, 188, 69, 73, 25, 220, 10, 250, 201, 255, 145, 13, 236, 183, 170, 171, 122, 217, 112, 177, 36, 2, 235, 47, 126, 76, 83, 241, 211, 17, 39, 9, 176, 33, 42, 14, 60, 238, 168, 94, 119, 58, 200, 89, 142, 208, 121, 20, 140, 218, 53, 88, 84, 245, 123, 86, 214, 50, 247, 137, 191, 155, 12, 31, 91, 131, 65, 194, 26, 195, 224, 79, 190, 103, 232, 173, 11, 203, 172, 48, 221, 197, 40, 35, 78, 165, 85, 138, 15, 102, 46, 233, 156, 127, 150, 8, 130, 181, 110, 72, 77, 97, 128, 61, 204, 113, 118, 199, 136, 209, 167, 207, 67, 71, 117, 41, 163, 237, 252, 81, 49, 27, 70, 24, 205, 80, 100, 148, 5, 186, 212, 120
