# Final optimized S-box - COMPOSITE FITNESS WITH EARLY STOPPING
# Generated on: 2026-01-28T22:08:56.208
# Format: 16 values per line (256 total)

sbox = UInt8[
    219, 107, 195, 243, 199, 179, 255,  78, 183,  37,   8, 104, 222, 132, 252, 245,
    166,  51,   4,  45, 216, 174, 244,  87,  83,  48, 163,  19, 154, 126,  11,  44,
    204,  49, 197, 249, 203, 101,  98, 209,  85,  82, 226, 162, 186, 167, 100,  76,
    140, 240,  18, 247,  91,  43, 151, 145, 185,  77,  90,  84, 191, 201, 189, 164,
    131,  10,   0, 193, 156,  33,  65, 128,  42,  38, 119, 237,  15, 125,  21,  80,
    178, 168,  27,  64, 177,  73, 187, 150, 217, 212, 248, 231,  95, 215, 124, 122,
     71,  96, 207,  24,  55,  93,   7, 121, 182,  94, 143, 136,  70, 235, 159,   3,
    102, 108, 115, 152, 160, 105,  23, 232, 142, 230, 224, 211, 110,  53, 161, 157,
    196, 173,  14, 192, 175, 234,  46,  59, 227, 246, 208,   6,  17, 134, 158, 114,
    109, 176,  39,  92, 120, 200, 106, 253, 146, 206,  13,  99,  56,  22,  36, 112,
     72, 239, 172,  16,  31, 130,  74,  20,  66, 250, 155, 221, 205, 118,  79, 180,
     68, 123, 223, 238, 127, 149,  75,  28,  47, 184,  26, 210, 169, 138, 117,   2,
    147, 188, 228, 241, 137,  81, 220, 103,  30, 139, 194,  25,  29, 202, 165, 141,
      1,  40,  69, 213,  35, 170, 225, 198,  34, 116,   5, 251, 153, 111, 233, 218,
     12, 229, 242,  63, 129,  32,  88, 236, 171, 148,  61,   9,  57,  86,  89,  52,
    254,  60,  54, 214,  41,  97,  58, 181, 133, 144, 190,  67, 135,  62, 113,  50
]

# Comma-separated format:
219, 107, 195, 243, 199, 179, 255, 78, 183, 37, 8, 104, 222, 132, 252, 245, 166, 51, 4, 45, 216, 174, 244, 87, 83, 48, 163, 19, 154, 126, 11, 44, 204, 49, 197, 249, 203, 101, 98, 209, 85, 82, 226, 162, 186, 167, 100, 76, 140, 240, 18, 247, 91, 43, 151, 145, 185, 77, 90, 84, 191, 201, 189, 164, 131, 10, 0, 193, 156, 33, 65, 128, 42, 38, 119, 237, 15, 125, 21, 80, 178, 168, 27, 64, 177, 73, 187, 150, 217, 212, 248, 231, 95, 215, 124, 122, 71, 96, 207, 24, 55, 93, 7, 121, 182, 94, 143, 136, 70, 235, 159, 3, 102, 108, 115, 152, 160, 105, 23, 232, 142, 230, 224, 211, 110, 53, 161, 157, 196, 173, 14, 192, 175, 234, 46, 59, 227, 246, 208, 6, 17, 134, 158, 114, 109, 176, 39, 92, 120, 200, 106, 253, 146, 206, 13, 99, 56, 22, 36, 112, 72, 239, 172, 16, 31, 130, 74, 20, 66, 250, 155, 221, 205, 118, 79, 180, 68, 123, 223, 238, 127, 149, 75, 28, 47, 184, 26, 210, 169, 138, 117, 2, 147, 188, 228, 241, 137, 81, 220, 103, 30, 139, 194, 25, 29, 202, 165, 141, 1, 40, 69, 213, 35, 170, 225, 198, 34, 116, 5, 251, 153, 111, 233, 218, 12, 229, 242, 63, 129, 32, 88, 236, 171, 148, 61, 9, 57, 86, 89, 52, 254, 60, 54, 214, 41, 97, 58, 181, 133, 144, 190, 67, 135, 62, 113, 50
