# V5 Final S-box - GUIDED SWAP KAPALI
# Generated on: 2026-01-21T23:43:21.208

sbox = UInt8[
    114,  95, 184,  70,  24,   8,  53,  66, 252,  42, 230, 191,  21, 203, 161, 132,
    105, 150, 166, 158, 246,  65,  47,  25, 108, 208, 139, 157, 120,  45,  87, 135,
     41,  75,  73,  26,  72, 214,  30,  10, 101,  63, 239, 179, 231, 181, 177, 186,
     68, 247, 237, 226,  40, 180, 111, 255, 103, 147,  16,  44,  55, 117,  60,  11,
    242, 245, 172, 215,  22, 176, 218, 188, 222, 113, 216, 189,  34, 193, 185,  56,
    110, 112,  81,  74, 168, 233,  82,  99,  51,  28, 149,   1,  97, 130, 109,  48,
     86, 107, 211,  92, 199,  35, 160, 122,  91, 133, 137, 104, 178, 169, 213, 164,
    119, 217,   5, 163, 209,  14, 127,  89,  98,  38, 248, 205, 227,  19,  94,  43,
     88, 244, 251,  50, 141, 190,  93, 229, 140,  62, 224,  52,  83, 175, 187, 124,
     96, 195,   9, 129,  58, 201, 212, 165, 243,  64,  29, 142, 240, 249, 115, 250,
     39,  84, 232,  76, 156, 174, 173, 138,  71,  46, 131,  27, 220, 254, 159,   0,
     80,  69, 204,  15, 182, 123, 223, 154,  17, 102, 192,  54, 219,   6,  12, 238,
    234,   7,  20, 162,  78, 196, 198,  57, 153, 167,  67, 206, 100, 171,   3, 200,
     31, 170,  32, 155, 210, 235, 148, 106, 236, 146,  90, 202, 125, 121,  23,  18,
    221,  79, 116,  37, 144,   4, 134, 136, 152,  49, 207, 128,  36,  77, 241, 225,
    253, 197, 194,  85, 118,  61,   2,  13,  33, 126, 228, 143, 151, 145, 183,  59
]
