# Final optimized S-box - COMPOSITE FITNESS WITH EARLY STOPPING
# Generated on: 2026-02-02T15:36:49.165
# Format: 16 values per line (256 total)

sbox = UInt8[
    142, 107, 127, 243, 215,  98, 212,  78, 184,  18,   8, 209, 182, 132, 216, 179,
    166,   3,  20,  45, 114, 221, 244,  87,  83, 217, 183,  19, 154, 235,  11, 173,
    149,  49, 148,  71, 192, 225, 116, 240,  85,  82, 180,  51, 220,  10, 100, 156,
    159,  69, 247,  96,  76,  43, 161, 208, 151,  77,  90,  84, 207,  70,  15, 164,
    131, 178,   0, 158,  41,  53,  81, 109,  34,  38, 119, 145,  24, 248, 135,  80,
    106, 201, 255,  64, 186,  73, 187, 150, 177, 230, 219, 231, 190, 199, 252, 122,
     21,  37,  79, 189,  55,  89,  23, 121,  31,  94, 143,  47, 210, 239, 137,   7,
    141, 108,  86, 152, 205, 105,  13, 236,  48, 125, 134, 157, 195,  92, 185,  54,
    196,  61,  95,   2, 175, 234,  42, 111, 198, 246, 203,   6,  75, 226,  63,  44,
     93, 176,  39, 229, 120, 200, 251, 232, 193, 238,  36,  99,  56,  22, 126, 112,
     66, 167, 172,  16, 228, 223,  74,  52, 146, 188, 155, 174, 245, 118, 162,  88,
    124, 113,  67,  33, 191, 163,  91,  28,  40, 138,  26, 169,  68, 136, 117,  17,
    147, 139, 206, 241, 233,  27, 168, 103,  30, 194,  72,  25, 153, 202, 160, 102,
      1, 165, 197, 213,  35, 224, 128, 214,  46,  65,   5, 249,  29, 115, 104, 218,
     12, 140, 242,  14, 129,  32, 170, 253, 171, 222, 110,   4,  57, 227, 101,   9,
    254,  60, 211, 237,  59,  97,  58, 181, 133, 144, 250, 123, 204,  62, 130,  50
]

# Comma-separated format:
142, 107, 127, 243, 215, 98, 212, 78, 184, 18, 8, 209, 182, 132, 216, 179, 166, 3, 20, 45, 114, 221, 244, 87, 83, 217, 183, 19, 154, 235, 11, 173, 149, 49, 148, 71, 192, 225, 116, 240, 85, 82, 180, 51, 220, 10, 100, 156, 159, 69, 247, 96, 76, 43, 161, 208, 151, 77, 90, 84, 207, 70, 15, 164, 131, 178, 0, 158, 41, 53, 81, 109, 34, 38, 119, 145, 24, 248, 135, 80, 106, 201, 255, 64, 186, 73, 187, 150, 177, 230, 219, 231, 190, 199, 252, 122, 21, 37, 79, 189, 55, 89, 23, 121, 31, 94, 143, 47, 210, 239, 137, 7, 141, 108, 86, 152, 205, 105, 13, 236, 48, 125, 134, 157, 195, 92, 185, 54, 196, 61, 95, 2, 175, 234, 42, 111, 198, 246, 203, 6, 75, 226, 63, 44, 93, 176, 39, 229, 120, 200, 251, 232, 193, 238, 36, 99, 56, 22, 126, 112, 66, 167, 172, 16, 228, 223, 74, 52, 146, 188, 155, 174, 245, 118, 162, 88, 124, 113, 67, 33, 191, 163, 91, 28, 40, 138, 26, 169, 68, 136, 117, 17, 147, 139, 206, 241, 233, 27, 168, 103, 30, 194, 72, 25, 153, 202, 160, 102, 1, 165, 197, 213, 35, 224, 128, 214, 46, 65, 5, 249, 29, 115, 104, 218, 12, 140, 242, 14, 129, 32, 170, 253, 171, 222, 110, 4, 57, 227, 101, 9, 254, 60, 211, 237, 59, 97, 58, 181, 133, 144, 250, 123, 204, 62, 130, 50
