# V3 Final S-box - TRIPLE SWAP KAPALI
# Generated on: 2026-01-21T16:30:34.197

sbox = UInt8[
     14, 157, 161,  72,  31,   3, 230, 128, 134, 132,   8,  34,  99,  37, 162,   7,
    160, 152, 169,  74,   4, 198, 202,  93,  66, 193, 241, 236,   0, 127, 101,  96,
    211, 188, 249, 159, 104,  64, 253,  52, 146, 246, 243, 234, 171, 233, 197, 227,
    167,  63,  32,  85, 177,  22, 219, 103, 228,  87,  51, 189,  21, 180, 226,   9,
    213, 206, 109,  59,  19,  76, 116, 130, 178,  90,  12, 154,  95,  45,  62, 175,
     44, 204,  54, 129,  56, 115, 244,  98, 135, 251,  65,  92,   6,  67, 149, 143,
     30, 174, 179, 124, 133, 126,  50, 231,   1, 248,  29,  89, 172, 140, 111,  69,
    203, 148,  26, 166, 254, 114, 240, 164, 225, 242, 141, 196,  68, 237,  43,  73,
     25,  94, 183,  48, 207, 255, 184, 165, 252, 182, 170, 224, 122, 217, 112, 185,
    100,   2, 235,  78,  55,  16, 156, 139, 209, 205, 216,  77, 153,  40,  42, 144,
     60, 238, 168, 145,  39,  35, 200,  91, 147, 208, 121,  20, 212, 218,  53,  88,
     84, 245, 123,  86,  58, 187, 247, 155, 176, 214, 201, 191,  75, 131, 105, 194,
     10, 195, 150, 229, 190, 151, 232, 173, 107,  70, 220, 250, 221,  83,  33, 136,
     47, 181, 158, 125,  15,  36,  46, 138,  38, 119, 215,  18,  82,  13, 110,  23,
     28,  97, 192, 106, 239, 113,  41, 199, 137,  79,  27, 142,  17,  71, 117, 118,
    163, 223, 108,  81,  49,  11,  57,  24,  61,  80, 102, 210,   5, 186, 222, 120
]
