# V5 Final S-box - GUIDED SWAP KAPALI
# Generated on: 2026-01-21T00:24:41.796

sbox = UInt8[
     74, 122,  95, 126,  87, 121, 195, 237, 174,  79,  71, 192, 115, 203,  19, 186,
    194, 101,   6,  78,  20,  30,   4,  69, 231,  46,  76, 218,  32, 254,  91, 189,
    181, 247, 125,  92,   5,  42,  34, 196, 130,   7,   9,  53, 220, 209, 110,  77,
    168, 252,  13,  24, 183,  96, 214, 241, 118,  38,  57,  62, 223,  21, 112, 133,
    244,  16, 226, 243, 144, 230, 222, 154, 202, 207, 159,  94,  22,  63, 134,  82,
    204, 199, 216, 239, 184, 242,   1, 171, 131,  85, 137, 248,  56, 233, 135,  88,
    250,  72, 236,  36, 213,  26, 150,  44,  15,  99,  67, 197, 215, 227,  89,  40,
    136,  25,  86, 143,  55, 138,  43, 191,  98, 153, 114,  28, 206, 127, 107, 119,
    104, 100,  52, 175, 140,  54,  11, 190,   0, 128, 106, 156, 193,  81,  10,  23,
    187, 212, 255,  51,   3, 208, 116, 155,  66, 157, 178, 102, 217,  33, 246, 249,
    120, 161, 170, 108, 182, 145,  29, 103, 151, 164, 109, 253,  68,  59,  70,  64,
    165, 229, 167,   2,  60,  65, 225, 129,  39, 210, 160,  48,  47, 166,  90, 245,
    123,  83,  37, 158, 232, 147, 201, 173,  80,  45, 224, 152,  84, 179, 169, 124,
    180, 211,  58, 228, 105, 141,  35, 200, 185, 177, 132,  14,  41,  97, 111,  31,
    146, 198, 176, 235, 139, 142, 172, 117,  49,  93, 251,  61, 205, 148, 219, 163,
    113,  18, 238,  27, 188,  50, 234, 240, 149,  73,  12, 221, 162,  75,   8,  17
]
