# V3 Final S-box - TRIPLE SWAP KAPALI
# Generated on: 2026-01-20T19:57:41.203

sbox = UInt8[
    142, 107, 226, 163, 214,  34,  27,  78, 183,  18,  82, 208, 222, 132, 248, 225,
    166,   3,  49,  45, 114, 170, 110,  87, 176, 217, 243,  19, 154, 249,  43,  44,
     74,   4, 145, 182, 192,  69, 116, 195,  85,   8, 180, 137, 236, 167, 100, 223,
    140, 213,  86,  96,  76,  11,  93,  21, 151,  77, 169,  84, 207, 201,  23, 164,
    131, 246,   0, 146,  41,  53,  65, 109,  98,  38,  71, 148, 104, 125, 153,  80,
    178, 205, 150,  64, 186,  73, 187, 255, 177, 212, 219, 231, 228, 189, 252, 122,
     15,  37,  91, 199,  22,  72,   7,  59,   1, 123, 143, 111, 210, 235, 200, 113,
    158, 108, 253, 209, 160, 105,  13,  92, 138, 124, 224, 211, 244,  51, 230,   5,
     90, 127,  14, 162, 175,  25,  42, 121, 184,  10, 203,   6,  79, 128,  63,  70,
    179, 240,  39, 232, 120, 159, 106, 247, 193, 206, 126,  99,  56,  55,  36, 112,
    102, 237, 172,  16,  31, 156, 218,  20,  66, 250, 155, 221, 245, 118,   2, 134,
    185, 147, 130, 190, 191, 152,  75,  28,  47,  48,  26, 229, 216, 136, 117,  17,
    119,  30,  68, 241, 233,  95, 168, 103,  67, 139,  89, 234,  29, 202, 165, 141,
     33,  40, 197, 161,  35, 174,  83, 198,  46, 188,  24, 251, 135, 115, 157, 149,
     12, 196, 242, 238, 129,  32,  88, 220, 171, 239,  61,  52,  57,  81, 101,   9,
    254,  60, 227, 215, 173,  97,  58, 181, 133, 144, 194,  94, 204,  62,  54,  50
]
