# Final optimized S-box - COMPOSITE FITNESS WITH EARLY STOPPING
# Generated on: 2026-01-29T20:27:43.131
# Format: 16 values per line (256 total)

sbox = UInt8[
    105, 130, 214, 129,  26, 235,  21,  91, 190, 248, 151, 172,  84, 211, 207, 255,
    109,  55,  40,  14, 125, 216, 177, 137, 232, 112, 222,  59, 231, 221, 252, 158,
    120,   0, 122,  93,  41, 178,   4, 183, 188, 171,  71, 170,  51, 239,  52, 118,
    144,  60, 224, 175, 167, 156,  29,  46, 143, 173,  45,  27,  54, 185, 247, 186,
     92, 113,  99, 184, 205, 243,  12,  31, 149, 179, 136,  78,  22, 223, 212,  34,
    108,  16, 210,  96, 254,  32,   3,  69, 181, 124, 145, 230,  85, 200,  28,  98,
    128, 196, 126, 237,  25, 115,  87,  90, 215,  88,   9,  13, 250, 164,  94, 201,
     39, 234,  82,  57, 220, 142,  74,   7, 117, 100, 251, 161,  89,  81, 132, 163,
    114, 133,  44,  38,  86, 241, 228,  61,  35,  70,  77, 208,  83,  17,  18, 226,
    162, 217,  58,   1, 127, 168, 169,  97,  67, 148, 107, 153, 135, 176, 204, 111,
     47,   8, 155,  20, 138, 236, 116,  11, 191, 182, 180, 110, 253, 102,  56,  64,
    131, 206, 159, 195,  62, 233, 229, 147,  68, 249, 209, 197, 166, 203, 150,  36,
     10, 225,  19,  15,  73, 119, 152, 101, 174, 198, 139,  63, 246,  23, 123, 103,
    218, 219,  30, 121, 140, 242, 146, 245,  66, 104,  50,  43, 227, 240,  65,  79,
     80,   6, 165,  48, 134,   5,  75, 194, 187, 202, 160, 192,  49,  95, 157,  24,
     76,  72, 238, 154,  37,  53, 199,   2, 213, 244, 106,  33,  42, 141, 193, 189
]

# Comma-separated format:
105, 130, 214, 129, 26, 235, 21, 91, 190, 248, 151, 172, 84, 211, 207, 255, 109, 55, 40, 14, 125, 216, 177, 137, 232, 112, 222, 59, 231, 221, 252, 158, 120, 0, 122, 93, 41, 178, 4, 183, 188, 171, 71, 170, 51, 239, 52, 118, 144, 60, 224, 175, 167, 156, 29, 46, 143, 173, 45, 27, 54, 185, 247, 186, 92, 113, 99, 184, 205, 243, 12, 31, 149, 179, 136, 78, 22, 223, 212, 34, 108, 16, 210, 96, 254, 32, 3, 69, 181, 124, 145, 230, 85, 200, 28, 98, 128, 196, 126, 237, 25, 115, 87, 90, 215, 88, 9, 13, 250, 164, 94, 201, 39, 234, 82, 57, 220, 142, 74, 7, 117, 100, 251, 161, 89, 81, 132, 163, 114, 133, 44, 38, 86, 241, 228, 61, 35, 70, 77, 208, 83, 17, 18, 226, 162, 217, 58, 1, 127, 168, 169, 97, 67, 148, 107, 153, 135, 176, 204, 111, 47, 8, 155, 20, 138, 236, 116, 11, 191, 182, 180, 110, 253, 102, 56, 64, 131, 206, 159, 195, 62, 233, 229, 147, 68, 249, 209, 197, 166, 203, 150, 36, 10, 225, 19, 15, 73, 119, 152, 101, 174, 198, 139, 63, 246, 23, 123, 103, 218, 219, 30, 121, 140, 242, 146, 245, 66, 104, 50, 43, 227, 240, 65, 79, 80, 6, 165, 48, 134, 5, 75, 194, 187, 202, 160, 192, 49, 95, 157, 24, 76, 72, 238, 154, 37, 53, 199, 2, 213, 244, 106, 33, 42, 141, 193, 189
