# V3 Final S-box - TRIPLE SWAP KAPALI
# Generated on: 2026-01-20T12:41:27.788

sbox = UInt8[
    142, 107,  47, 166, 214, 244,  27, 158, 151, 211,   8, 208, 188, 132, 248, 246,
    243,  83, 201,  45,  96, 174,  98,  87,   3, 217, 120,  19, 154, 249,  11,  44,
    149, 190, 145,  79,   2, 231, 116, 240,  85,  82, 180,  31, 182,  52, 100, 156,
    134,  76,  34, 216,  69,  43, 161,  21, 183, 141,  49,  61, 191,  60,  15, 165,
    170,  62,   0, 133, 200,  59,   4, 223, 122,   9,   5, 148,  24,  92, 135,  80,
    178, 239,  16,  64, 241,  73, 187,  13, 220, 212, 219,  93,  75, 199, 252, 125,
     23,  18,  91,  29,  55,  89,   7, 121, 235, 225, 143, 126, 210,  33, 159, 179,
    102, 104,  86, 152, 160, 119, 150, 146,  70, 230, 224, 155, 110, 137, 196,  72,
    175,  99,  14, 162, 185, 234,  90, 176, 209, 226, 203, 140,  71,  94,  63, 138,
    186,  53,  39, 245, 163, 207, 106, 115, 193, 206, 111,  68,  56,  22,  36, 112,
     78, 205, 172, 255,  51, 229,  74, 114,  66, 250,  37, 221, 247,  46,  58,   6,
    124, 113, 130, 238, 169, 184, 117,  28,  97,  20,  26, 167,  41, 136, 253, 218,
    147, 222, 228, 177, 233, 127, 168, 103,  30, 139, 157,  25, 189, 202, 164,  77,
      1,  40, 213, 197,  67, 131, 192, 198, 118,  38, 195, 251, 153,  95, 108,  17,
     12, 109, 242,  57, 129,  10,  88, 236, 171, 237, 101,  48,  42,  81,  84,  35,
    254,  50, 227, 215, 173, 232,  65, 181, 105, 144, 194, 123, 204,  32,  54, 128
]
