# Final optimized S-box - COMPOSITE FITNESS WITH EARLY STOPPING
# Generated on: 2026-01-28T22:35:42.948
# Format: 16 values per line (256 total)

sbox = UInt8[
    142, 107, 195, 243, 131,  98, 194,  78, 183,  37,   8,  51, 200, 132, 248, 225,
     69,   3, 122,  45, 222, 174, 244,  87,  83, 217, 162,  19, 154, 249, 180, 223,
     23,  22,  21, 161,  40,  89, 237, 164,  85,  82, 145, 137, 240, 123, 201,  29,
    140,  95, 247,  96, 224,  43,  68, 176,   2,  30,  90,  84, 191, 100,  15, 186,
    113,  49,   0, 111,  63, 116,  93, 109,  34,  50, 119, 148, 129, 138,  57, 146,
    178, 205, 182,  64, 177,  73, 187, 150, 210, 212,  76, 241,  77, 199, 252,  58,
    149, 163,  91, 189,  55,  65,   7, 121,  33, 245, 143, 134, 229, 235,   4, 255,
    102, 108,  86, 152, 133, 105,  52, 232, 158, 230, 219, 214, 110, 208, 185, 157,
    196, 127,  14, 120, 175,  16,  42,  59, 209, 246, 203,   6,  79, 226, 221,  70,
    179,  53,  39,  92,  18, 216,  56, 253, 193, 206, 126,  99, 167,  10,  36, 112,
     11, 239, 172, 234,  31, 168,  74, 125,  66, 250, 155, 207,  60, 118, 151, 215,
    124,  20, 130, 238,  41, 184,  81,  24,  47,  48,  26, 114, 169,  28,  35,  17,
    147, 188, 228, 231, 233, 136,  44, 103, 166, 139,  72,  25,  94, 202, 165, 141,
      1, 192, 197, 213, 117, 170, 128, 198,  46,  38,   5, 251, 153, 115, 104, 218,
    106, 220, 242, 190,  71,  32,  88, 236, 171, 211,  61, 156, 135,  75, 101,   9,
    254,  13, 227,  80, 173,  97, 159, 181, 160, 144,  27,  12, 204,  62,  54,  67
]

# Comma-separated format:
142, 107, 195, 243, 131, 98, 194, 78, 183, 37, 8, 51, 200, 132, 248, 225, 69, 3, 122, 45, 222, 174, 244, 87, 83, 217, 162, 19, 154, 249, 180, 223, 23, 22, 21, 161, 40, 89, 237, 164, 85, 82, 145, 137, 240, 123, 201, 29, 140, 95, 247, 96, 224, 43, 68, 176, 2, 30, 90, 84, 191, 100, 15, 186, 113, 49, 0, 111, 63, 116, 93, 109, 34, 50, 119, 148, 129, 138, 57, 146, 178, 205, 182, 64, 177, 73, 187, 150, 210, 212, 76, 241, 77, 199, 252, 58, 149, 163, 91, 189, 55, 65, 7, 121, 33, 245, 143, 134, 229, 235, 4, 255, 102, 108, 86, 152, 133, 105, 52, 232, 158, 230, 219, 214, 110, 208, 185, 157, 196, 127, 14, 120, 175, 16, 42, 59, 209, 246, 203, 6, 79, 226, 221, 70, 179, 53, 39, 92, 18, 216, 56, 253, 193, 206, 126, 99, 167, 10, 36, 112, 11, 239, 172, 234, 31, 168, 74, 125, 66, 250, 155, 207, 60, 118, 151, 215, 124, 20, 130, 238, 41, 184, 81, 24, 47, 48, 26, 114, 169, 28, 35, 17, 147, 188, 228, 231, 233, 136, 44, 103, 166, 139, 72, 25, 94, 202, 165, 141, 1, 192, 197, 213, 117, 170, 128, 198, 46, 38, 5, 251, 153, 115, 104, 218, 106, 220, 242, 190, 71, 32, 88, 236, 171, 211, 61, 156, 135, 75, 101, 9, 254, 13, 227, 80, 173, 97, 159, 181, 160, 144, 27, 12, 204, 62, 54, 67
