# Final optimized S-box - COMPOSITE FITNESS WITH EARLY STOPPING
# Generated on: 2026-01-29T22:10:56.572
# Format: 16 values per line (256 total)

sbox = UInt8[
    105, 130, 214, 129,  26, 235,  21,  91,  46, 248, 151,  44,  84, 211, 207, 255,
    111,  55,  58, 140, 125, 216,  53, 137, 232, 112, 222,  59, 231, 221, 252, 158,
    120,   0, 127,  93, 161, 178,   4, 183, 188,  37,  71, 170,  33, 239,  52, 118,
    192,  60, 243, 175, 167,  79,  29,  30, 143, 173,  45,  27, 197, 185, 247, 186,
     92, 113,  90, 184, 205, 242,  12,  31, 149, 179, 136,  78,  22, 223, 220,  41,
    108,  16,  42,  96, 254,  32,  51,  69, 177, 124, 145, 230,  85, 208,  28,  98,
    128, 196, 126, 237,  25, 115,  87,  99, 215,  88,   9,  13, 250, 200,  94, 201,
     39, 234,  82, 152, 212, 142,  74,  14, 121, 100, 224, 219,  89,  81, 132, 163,
    114, 133, 164,  38,  86, 241, 228,  61,  35,  70,  77, 172,  83,  17,  18, 226,
    162, 217,  40,   1, 117, 168, 169,  97,  67, 148, 246, 153, 135, 176, 204, 119,
     47,   8, 155, 144, 138, 236, 116,  11, 191, 182, 180, 110, 253, 102,  56,  64,
    131, 206, 159, 195,  20, 233, 229, 147,  68, 249,  57,  54, 166, 203, 150,  62,
     10, 225,  19,  15,  73, 103, 209, 101, 174, 198, 139,  63, 251,  23, 123, 122,
    218,  34, 190, 109,   7, 154, 146, 156,  66, 104,  50,  43, 227, 240,  65, 245,
     80,   6, 165,  48, 134,   5,  75, 194, 187, 202, 160, 244,  49,  95, 157,  24,
     76,  72, 238, 171, 107, 181, 199,   2, 213,  36, 106,   3, 210, 141, 193, 189
]

# Comma-separated format:
105, 130, 214, 129, 26, 235, 21, 91, 46, 248, 151, 44, 84, 211, 207, 255, 111, 55, 58, 140, 125, 216, 53, 137, 232, 112, 222, 59, 231, 221, 252, 158, 120, 0, 127, 93, 161, 178, 4, 183, 188, 37, 71, 170, 33, 239, 52, 118, 192, 60, 243, 175, 167, 79, 29, 30, 143, 173, 45, 27, 197, 185, 247, 186, 92, 113, 90, 184, 205, 242, 12, 31, 149, 179, 136, 78, 22, 223, 220, 41, 108, 16, 42, 96, 254, 32, 51, 69, 177, 124, 145, 230, 85, 208, 28, 98, 128, 196, 126, 237, 25, 115, 87, 99, 215, 88, 9, 13, 250, 200, 94, 201, 39, 234, 82, 152, 212, 142, 74, 14, 121, 100, 224, 219, 89, 81, 132, 163, 114, 133, 164, 38, 86, 241, 228, 61, 35, 70, 77, 172, 83, 17, 18, 226, 162, 217, 40, 1, 117, 168, 169, 97, 67, 148, 246, 153, 135, 176, 204, 119, 47, 8, 155, 144, 138, 236, 116, 11, 191, 182, 180, 110, 253, 102, 56, 64, 131, 206, 159, 195, 20, 233, 229, 147, 68, 249, 57, 54, 166, 203, 150, 62, 10, 225, 19, 15, 73, 103, 209, 101, 174, 198, 139, 63, 251, 23, 123, 122, 218, 34, 190, 109, 7, 154, 146, 156, 66, 104, 50, 43, 227, 240, 65, 245, 80, 6, 165, 48, 134, 5, 75, 194, 187, 202, 160, 244, 49, 95, 157, 24, 76, 72, 238, 171, 107, 181, 199, 2, 213, 36, 106, 3, 210, 141, 193, 189
