# V3 Final S-box - TRIPLE SWAP KAPALI
# Generated on: 2026-01-21T16:03:55.359

sbox = UInt8[
    144, 157, 237,  72,  31,   3, 230, 128, 134, 252,   8,  34,  99,  37, 184,   7,
    160, 152,  89,  74, 101, 198, 202,  93, 124,   6, 147, 196,  80, 216, 109,  96,
    243, 108, 249, 159,  12,  66, 161, 115, 111, 240, 227, 235, 229, 233,  83, 211,
     90,  63, 182, 206,  33,  22,  13, 151, 228, 193,  51, 199, 106,  57, 226, 177,
      9, 162,   4,  59,  19,  16,  32,  82,  50,  26, 255, 154, 244,  45,  62, 143,
     44, 204,  55, 129,   0, 224,  69,  98, 135, 251,  65,  92,  87,  67, 107, 175,
    200, 149, 179,  64, 133, 126, 130, 174,   1, 223,  29,  56, 172, 140, 146,  95,
    180, 210, 166, 116, 254, 114, 246, 164, 225, 242, 141, 236, 100, 253, 231,  23,
     25, 220,  10, 250,  91, 169, 158, 155, 248, 102, 170, 171, 122, 217, 112, 189,
     68,   2, 234,  78,  54,  76, 156,  11, 209, 205, 127, 221, 153, 191,  42,  14,
     60, 238, 168, 145,  71,  58,  38, 195, 201, 208, 121,  20, 212, 218,  53,  88,
     84, 245, 123,  86, 214, 247, 187, 137, 176, 219, 241, 213,  75, 131, 105, 194,
    167, 207,  79,  52, 138, 103, 232, 173,  41, 203,  94,  48,  77, 197,  40,  73,
     47, 181,  85, 125,  15,  36,  46, 190,  30, 119, 215,  18, 178, 165, 110,  35,
     28,  97, 150,  21, 239, 113, 118, 185, 136, 192,  27, 142,  17,  39, 117,  43,
    163, 132, 188,  81,  49, 139,  70,  24,  61, 104, 183, 148,   5, 186, 222, 120
]
