# V5 Final S-box - GUIDED SWAP KAPALI
# Generated on: 2026-01-20T19:00:55.567

sbox = UInt8[
    237, 187, 231,  89,  55,  25,   1, 105,  27, 228,  69, 129, 112, 170,  30, 203,
    229, 184, 118, 193, 176,  21, 171,  76,   3, 136,  10, 116, 196, 107, 207,  18,
     52, 245,  58, 103,  47,  96, 224,  99, 168, 214,   8,  42, 161, 212, 197, 164,
    140, 162, 252, 152, 115, 209,  68, 134, 163,  97,  63,  84, 230, 151,  12,  64,
     20,  74, 182, 111, 153, 179,  13, 127, 143,  50,  24,  33,  75, 166,  19, 106,
    180, 156, 234, 154, 216, 150,  49, 183,   5, 238, 243,   4, 172,  43, 121, 222,
    208,  17, 220, 142, 122, 223, 248,  77, 194, 204,  93,  40, 178,  45, 159,  29,
    139,  91, 215,  23, 221, 109,  95,  62, 128,  56, 145, 130,  65, 169, 241,   7,
      0, 173,  44, 235, 217, 195, 185, 249,  73, 244, 174,  48, 149, 120,  14, 165,
     57, 117, 123, 101,  41, 104,  31, 200,  38,  32, 199, 133,  79,  28,  86, 247,
    254, 188, 131, 226,  87, 225, 102,  22,  37, 113,  66, 251, 190,  67,  80,  90,
     59, 246, 124,  78,  54, 255, 250, 206, 141,  72, 147,  71, 137,  34, 125,  81,
     46,   6, 126,  98, 218,  36, 155,  85, 201,  70,  83, 232,  61, 146,  26, 157,
    191, 213,   2, 192,  39, 160, 114, 167, 181, 242,   9, 138, 158,  88,  94, 144,
    100, 110, 211,  60, 219, 205, 233, 175,  16,  51,  15,  53, 189,  11, 148, 198,
    236, 202, 135, 210, 119, 108,  82, 177,  92,  35, 239, 253, 132, 240, 186, 227
]
