# V5 Final S-box - GUIDED SWAP KAPALI
# Generated on: 2026-01-21T18:48:22.272

sbox = UInt8[
     57, 169, 102,  35,  26,  82, 135, 203,  28, 168,  38, 254, 217,  19, 146,  46,
    205, 172,  94, 175, 239, 184, 133, 251, 229, 118, 162,  66, 174, 115, 243, 221,
    235, 139,  83,  79, 127,  87, 120, 194,  32, 193,  76, 198,  60, 211, 159, 230,
    199, 250, 132,  80, 215, 181, 224, 244, 121,   8, 183,  89,  52, 134, 153, 155,
     51, 182, 190,  77, 188, 148,   3,  40,  16, 141, 214, 232, 160,  48, 105, 156,
     73, 191, 140, 245,  72, 231,  39, 177, 204,  69, 137,  99,   2, 100, 163, 213,
    246, 145, 124,   6,  30,  71,  74, 154, 108,  13, 227,  49, 166,  75, 253, 106,
    212,   5,  92, 170,  37, 171,  47, 130, 186, 119,  84,  53, 185, 126, 138, 117,
     34, 238, 180, 196, 107,  65,   9,  42, 122,  22, 187, 109,  29, 165,  12, 151,
    176, 201, 157,  15,   1,  85, 149,   7,  95,  78, 237,  21, 142, 208,   0, 242,
    255, 128, 161, 123,  41, 225,  88, 136, 222, 131, 210, 202, 112,  61, 226, 219,
    113, 143,  44,  50,  91, 164, 197,  58,  68, 195,  11, 101,  70, 240, 248, 189,
     63, 247, 252, 218,  27, 152, 173, 207, 111, 103,  81,  17,  93,  96, 167,  98,
     56,   4,  31, 206, 147, 114, 110,  20,  10, 116, 223, 192, 125,  36,  54,  33,
     23, 200, 104,  45,  64,  67,  24,  59,  62,  86, 129, 228, 179, 241, 236, 233,
     55, 158,  43, 209,  90, 216,  25, 178, 220,  14,  18, 249, 150, 144,  97, 234
]
