# V5 Final S-box - GUIDED SWAP KAPALI
# Generated on: 2026-01-22T00:00:53.441

sbox = UInt8[
    122, 228, 181, 131,  10, 187, 119, 142, 104, 125, 164, 107, 141, 200, 121, 162,
    217,  51,  36, 102, 156, 176, 163,   1, 226,  19, 229,  70,  77,  64, 182,  31,
    179,  13,  43,  95, 178,   5, 112, 188,  48, 170,  50, 155, 253, 180, 225, 143,
    152,  17, 145,  24,  60, 218, 139, 133, 202, 248,  27,  15, 150,   6,  32, 223,
    120,  12, 146,  65, 191, 224, 190, 151, 165,   0, 247, 144,  93,   8,  67, 128,
    206, 201,  28, 108, 222,  23,  94, 124, 233,  44,  74,  52,  56,  85, 105,  57,
     58, 242, 177, 118,  98, 186, 193, 175,  91,   7,  37, 129, 185, 240,  47, 221,
    207,  80,  73, 204,  75, 154, 251, 205, 174, 254,   3, 195, 167,  97,  11,  55,
    210,  81,  79, 198, 192, 136,  99, 212,  88, 115,  61, 215, 235,  33, 214, 140,
    169,  18,  87,  68,  96,  20, 213,  30,  26,   4, 110, 243, 196,  59, 211, 197,
     90,   9, 220, 100, 158, 137, 227,  82, 234, 103, 172,  14,  78, 203, 236, 149,
    157,  22, 199, 127, 168, 123,  41, 209, 255, 239,  38, 230, 252, 101, 135,  66,
    159,  25, 161, 148,  76, 246, 147, 134,  71, 237,  89, 126,  83, 160, 117, 183,
    189, 245,  16, 130,  21, 166, 241,  46,  92,  49, 250, 232, 231, 208, 132, 153,
    194, 173,  62, 216,  69,  45, 171, 249, 116,  84,  39, 109,  42,  35, 238,  53,
    138,  86,  72, 113,  54, 244, 111,   2, 106, 219,  34,  29, 114,  63,  40, 184
]
