# Final optimized S-box - COMPOSITE FITNESS WITH EARLY STOPPING
# Generated on: 2026-01-29T11:49:50.808
# Format: 16 values per line (256 total)

sbox = UInt8[
    224,  58, 161,  72, 153,   3, 230,  26, 134, 128,   8,  34, 149,  37, 184,   7,
    160, 152,   6, 234, 101, 198, 202, 109,   0,  66, 147, 196, 104, 216, 137, 164,
    243, 108, 255, 159,  12,  64, 253,  52, 146, 246, 211, 203, 229, 233, 131, 227,
    167,  63,  29,  76, 191,  22, 219, 151, 228,  87,  51, 189, 251,  57, 226, 177,
      9, 162,   4,  59,  19,  74,  25, 106,  50,  90, 169, 154,  82,  70,  62, 143,
    254, 245,  55, 129,  89, 115, 244,  98,  42, 121,  65,  92, 193, 181,  43, 190,
    218,  47, 179,  84, 133, 126, 150, 231,   1, 248,  32, 139, 207, 140, 209,  99,
    180, 210, 182, 249, 205, 114, 240, 111, 225, 242, 141, 236,  68, 237, 174,  73,
    212, 220,  10, 250, 145,  24, 206,  13, 252, 183, 170, 171, 142, 217, 112, 185,
    100,   2, 235,  78,  54, 208, 132,  97, 192,  44, 127,  77,  31,  33, 135,  14,
    223, 238, 168,  88,  39, 232, 200,  91, 201, 158,  75,  20, 116,  38,  53, 172,
    214, 119, 123,  86, 124, 187, 247, 103, 176, 155, 241, 213,  93,  95, 105, 194,
    157, 195,  79, 175,  56,  96, 188, 173, 122,  16,  94,  48, 221, 197,  40,  35,
     83, 204,  85, 125,  15,  36,  46, 138,  30,  67, 215,  18, 130, 165, 110,  23,
     28,  69, 178,  21, 239, 113, 118, 199, 136, 144,  27, 107,  17,  71, 117,  41,
    163,  60, 156,  81,  49,  11,  45, 166,  61,  80, 102, 148,   5, 186, 222, 120
]

# Comma-separated format:
224, 58, 161, 72, 153, 3, 230, 26, 134, 128, 8, 34, 149, 37, 184, 7, 160, 152, 6, 234, 101, 198, 202, 109, 0, 66, 147, 196, 104, 216, 137, 164, 243, 108, 255, 159, 12, 64, 253, 52, 146, 246, 211, 203, 229, 233, 131, 227, 167, 63, 29, 76, 191, 22, 219, 151, 228, 87, 51, 189, 251, 57, 226, 177, 9, 162, 4, 59, 19, 74, 25, 106, 50, 90, 169, 154, 82, 70, 62, 143, 254, 245, 55, 129, 89, 115, 244, 98, 42, 121, 65, 92, 193, 181, 43, 190, 218, 47, 179, 84, 133, 126, 150, 231, 1, 248, 32, 139, 207, 140, 209, 99, 180, 210, 182, 249, 205, 114, 240, 111, 225, 242, 141, 236, 68, 237, 174, 73, 212, 220, 10, 250, 145, 24, 206, 13, 252, 183, 170, 171, 142, 217, 112, 185, 100, 2, 235, 78, 54, 208, 132, 97, 192, 44, 127, 77, 31, 33, 135, 14, 223, 238, 168, 88, 39, 232, 200, 91, 201, 158, 75, 20, 116, 38, 53, 172, 214, 119, 123, 86, 124, 187, 247, 103, 176, 155, 241, 213, 93, 95, 105, 194, 157, 195, 79, 175, 56, 96, 188, 173, 122, 16, 94, 48, 221, 197, 40, 35, 83, 204, 85, 125, 15, 36, 46, 138, 30, 67, 215, 18, 130, 165, 110, 23, 28, 69, 178, 21, 239, 113, 118, 199, 136, 144, 27, 107, 17, 71, 117, 41, 163, 60, 156, 81, 49, 11, 45, 166, 61, 80, 102, 148, 5, 186, 222, 120
