# V3 Final S-box - TRIPLE SWAP KAPALI
# Generated on: 2026-01-21T16:51:34.475

sbox = UInt8[
    132, 157, 161,  72,  31,   3, 230, 150, 134,  18,   8,  34,  99,  61, 184,   7,
     49, 136,   0,  94,  73, 198, 202,  93,  66,   6, 147, 196, 104, 216, 109,  96,
     41, 108, 249, 159,  12,  64, 253,  52,  46, 246, 211, 234, 229, 239,  83, 227,
    167,  63,  32, 158, 191,  22,   9, 151, 228, 106,  67, 189, 194,  57, 226, 177,
    254, 162,  70, 175,  19,  16, 116,  82,  50,  28, 169,  51,  90,  45,  62, 143,
     44, 204,  55, 129,  89, 115, 244,  27, 135, 155,  65,  92, 193,  39,  43,  59,
     38, 149, 179, 124, 133, 126, 178, 231,   1, 248,  29,   2, 107, 140, 111,  95,
    180, 210, 182, 166, 219, 114, 240, 164, 225, 242, 141, 236,  68, 237, 174, 101,
     25, 220,  10, 123, 207,  48, 251,  13, 252, 183, 170, 171, 122, 217, 112, 185,
    100,  56, 247,  78,  54,  76, 156, 139, 209, 221, 163,  77, 153,  53,  42,  14,
     60, 238, 168, 145,  47,  58, 200,  91, 137, 208, 121,  20, 212, 218,  33,  88,
     84, 245, 250,  86, 214, 187, 235, 173, 176, 206, 243, 213,  75, 223, 105,  87,
     26, 195,  79, 224, 190, 103, 232, 201, 172, 203,  74, 255, 205, 197,  40,  35,
    154, 181,  85, 125,  15,  17, 186, 138,  30, 119, 215, 144, 130, 165, 110,  23,
     69,  97, 128,  21, 233, 113, 118, 199, 152, 192,  98, 142,  36,  71, 117, 241,
    127, 131, 188,  81, 160,  11,   4,  24,  37,  80, 102, 148,   5, 146, 222, 120
]
