# Final optimized S-box - COMPOSITE FITNESS WITH EARLY STOPPING
# Generated on: 2026-02-03T10:22:20.204
# Format: 16 values per line (256 total)

sbox = UInt8[
    114, 168, 177, 116, 219, 233, 188, 157, 130, 212, 173,  30, 170, 221, 110,  32,
     62, 209, 246, 150, 134,   2, 181, 252, 244, 198, 112,  93, 240,   0, 232, 107,
    155, 108, 124,  74, 143, 191, 251, 144, 192, 127,  88, 122,  13, 174, 126, 161,
    210, 226,  38, 154, 201, 101, 207, 148,  25, 199, 206,  87, 109,  70,  73, 208,
    164, 184, 178, 237,  35, 158, 146, 215,  59,  28, 136, 216, 111,  61,  37, 160,
     45,  43,  22, 224,   9, 250, 171,  66, 186, 235,  83, 236, 182, 220,  21, 119,
     94, 231,  89, 105, 128,   3, 172, 166, 255, 202,  36, 132,  98, 140,  76, 175,
     19, 217, 218, 106,  57, 195,  51,  58,  17, 248,   7,  50, 115, 187, 169,  48,
     92,  44,  56, 137, 253,  26,  39, 156, 102,   6, 205, 138,  97, 245, 100,  72,
    225, 213,   5, 227, 159, 149,  67,  77, 162, 129, 200,  60, 139, 180,  14, 203,
    228, 239,  34,  86, 211, 145, 185,  41, 142, 117,  49, 121,  80,  68, 131,  23,
    141, 223, 254,  10, 163,  20,   1,  79,  64,  11, 241,   4, 113,  47,  12,  65,
     95, 123, 249,  99,  81,  91, 243,  96, 238, 242,  84, 229, 133, 153, 167, 193,
    179, 194,  75, 176, 197,  33, 120,  78,  18,  63, 189, 104,  71,  24, 222,  90,
    214,  15, 183,  55, 230,  29,  82, 196,  85, 204,  53, 118,  54, 135, 190,  46,
     42, 152, 125, 165, 147,  52, 103,  40,  31,  27,   8,  69, 151, 234, 247,  16
]

# Comma-separated format:
114, 168, 177, 116, 219, 233, 188, 157, 130, 212, 173, 30, 170, 221, 110, 32, 62, 209, 246, 150, 134, 2, 181, 252, 244, 198, 112, 93, 240, 0, 232, 107, 155, 108, 124, 74, 143, 191, 251, 144, 192, 127, 88, 122, 13, 174, 126, 161, 210, 226, 38, 154, 201, 101, 207, 148, 25, 199, 206, 87, 109, 70, 73, 208, 164, 184, 178, 237, 35, 158, 146, 215, 59, 28, 136, 216, 111, 61, 37, 160, 45, 43, 22, 224, 9, 250, 171, 66, 186, 235, 83, 236, 182, 220, 21, 119, 94, 231, 89, 105, 128, 3, 172, 166, 255, 202, 36, 132, 98, 140, 76, 175, 19, 217, 218, 106, 57, 195, 51, 58, 17, 248, 7, 50, 115, 187, 169, 48, 92, 44, 56, 137, 253, 26, 39, 156, 102, 6, 205, 138, 97, 245, 100, 72, 225, 213, 5, 227, 159, 149, 67, 77, 162, 129, 200, 60, 139, 180, 14, 203, 228, 239, 34, 86, 211, 145, 185, 41, 142, 117, 49, 121, 80, 68, 131, 23, 141, 223, 254, 10, 163, 20, 1, 79, 64, 11, 241, 4, 113, 47, 12, 65, 95, 123, 249, 99, 81, 91, 243, 96, 238, 242, 84, 229, 133, 153, 167, 193, 179, 194, 75, 176, 197, 33, 120, 78, 18, 63, 189, 104, 71, 24, 222, 90, 214, 15, 183, 55, 230, 29, 82, 196, 85, 204, 53, 118, 54, 135, 190, 46, 42, 152, 125, 165, 147, 52, 103, 40, 31, 27, 8, 69, 151, 234, 247, 16
