# Final optimized S-box - COMPOSITE FITNESS WITH EARLY STOPPING
# Generated on: 2026-01-29T22:31:39.184
# Format: 16 values per line (256 total)

sbox = UInt8[
     39, 155, 161,  72,  31,   3, 230, 250, 134, 132,   8,  34,  99,   9, 184,   7,
    160, 152,  88,  74, 118, 198,  42, 144, 175,   6, 147, 196, 104, 221, 105,  96,
    242, 108, 243, 150,  12, 111, 253,  52, 146, 246,  76, 234, 109, 233,  65, 227,
    167,  63,  32, 101,  38,  22, 219, 157, 228,  35,  51, 180, 106, 193, 226, 213,
    208, 172, 223,  44,  19,  16, 116,  78,  50,  93, 191, 186, 237, 187,  62, 143,
    162, 204,  82, 129,  29, 115, 244,  98, 135, 203, 236, 190,  21,  79, 163, 235,
     61, 149, 179, 124, 133, 126, 178, 231,  37, 248,  25,  90,  83, 128, 113,  95,
    139, 209, 216, 166, 174, 119, 240, 164, 225, 249, 205, 207,  68, 159, 202,  73,
     89, 220,  10, 229, 142, 255, 206,  13, 252, 183, 170,  43, 122, 217, 112, 185,
    100,   2,  66, 141,  54, 211, 156, 251,  84, 197, 127,  77, 153,  33,  41,  14,
     60, 238, 154, 145,  56,  58, 200,  91, 201,   1, 121,  20, 177,  64, 181, 102,
    210, 245, 123,  86, 214,  59, 247, 137, 176, 151, 241, 212,  75, 199,  45, 194,
     26, 189,  67, 224, 182, 103, 232, 173, 107, 254,  55,  48,  92, 158,  40,  23,
     47,  57,  85, 125,  15,  36,  46, 138,  30,  69, 215,  18, 130,  53, 110,  87,
     28,  97,   4, 165, 239, 218, 114, 195, 136, 192,  27, 140,  17,  71, 117, 131,
     11,  94, 188,  81,  49, 171,  70,  24, 169,  80,   0, 148,   5, 168, 222, 120
]

# Comma-separated format:
39, 155, 161, 72, 31, 3, 230, 250, 134, 132, 8, 34, 99, 9, 184, 7, 160, 152, 88, 74, 118, 198, 42, 144, 175, 6, 147, 196, 104, 221, 105, 96, 242, 108, 243, 150, 12, 111, 253, 52, 146, 246, 76, 234, 109, 233, 65, 227, 167, 63, 32, 101, 38, 22, 219, 157, 228, 35, 51, 180, 106, 193, 226, 213, 208, 172, 223, 44, 19, 16, 116, 78, 50, 93, 191, 186, 237, 187, 62, 143, 162, 204, 82, 129, 29, 115, 244, 98, 135, 203, 236, 190, 21, 79, 163, 235, 61, 149, 179, 124, 133, 126, 178, 231, 37, 248, 25, 90, 83, 128, 113, 95, 139, 209, 216, 166, 174, 119, 240, 164, 225, 249, 205, 207, 68, 159, 202, 73, 89, 220, 10, 229, 142, 255, 206, 13, 252, 183, 170, 43, 122, 217, 112, 185, 100, 2, 66, 141, 54, 211, 156, 251, 84, 197, 127, 77, 153, 33, 41, 14, 60, 238, 154, 145, 56, 58, 200, 91, 201, 1, 121, 20, 177, 64, 181, 102, 210, 245, 123, 86, 214, 59, 247, 137, 176, 151, 241, 212, 75, 199, 45, 194, 26, 189, 67, 224, 182, 103, 232, 173, 107, 254, 55, 48, 92, 158, 40, 23, 47, 57, 85, 125, 15, 36, 46, 138, 30, 69, 215, 18, 130, 53, 110, 87, 28, 97, 4, 165, 239, 218, 114, 195, 136, 192, 27, 140, 17, 71, 117, 131, 11, 94, 188, 81, 49, 171, 70, 24, 169, 80, 0, 148, 5, 168, 222, 120
