# V3 Final S-box - TRIPLE SWAP KAPALI
# Generated on: 2026-01-20T11:35:32.971

sbox = UInt8[
    202, 107, 195, 243, 170,  98,  27,  78, 183,  37,   8, 233, 232, 251, 137, 225,
    166,  80,   6,  68, 216, 174, 244, 155,  83, 217, 224, 127, 154, 249,  96,  44,
    199, 161,  50,  71, 192,  93, 116,  87,  76,  82, 180, 191, 186,  41, 100, 177,
    140,  69, 247, 245,  85,  43, 130,  21, 151,  77,  90,  84, 167, 240, 175, 176,
    115, 120,   0, 146, 207,  53,  65, 109, 156,  67, 119, 128,  24, 125, 135,   3,
    178,  35,  26,  64, 142,  73, 187, 150, 220, 212, 219, 231,  95, 149, 252, 122,
     23,  18,  15, 189,  55,  89,   7, 121, 206,  94, 143,  11, 210, 118, 159, 182,
     60, 132,  86, 152, 160, 105,  13, 222, 138, 162, 163, 168, 110,  51, 185,   9,
    124, 235,  34, 230, 237, 253,  32,  59, 209, 246, 203, 254, 123, 226,  63,  70,
    179, 184, 205,  92,  66, 200, 106, 144, 193,  33,  47,  99,  56,  22,  36, 112,
    158, 248, 172,  16,  31,  91,  74,  20,  10, 250, 234, 169, 111,  19,   2, 134,
    196, 113, 201, 242, 239, 145,  75,  28, 126,  48, 255, 114, 221, 136, 131,  17,
    147, 188, 228, 241,  57,  45, 211, 102,  30, 139,  81,  25,  29,  14, 165, 141,
      1,  40, 197, 213,  39, 214, 108, 198,  46,  38,   5, 148, 153, 117, 104, 218,
     12, 229,  72, 190, 129,  42,  88, 236, 171, 223,  61,  52, 208, 238, 101, 157,
    164, 103, 227, 215, 173,  97,  58, 181, 133,  49, 194,  79, 204,  62,  54,   4
]
