# Final optimized S-box - COMPOSITE FITNESS WITH EARLY STOPPING
# Generated on: 2026-02-01T23:37:16.647
# Format: 16 values per line (256 total)

sbox = UInt8[
    114, 234,  93, 116, 155, 165, 177, 250, 213,  96, 245,  30, 136, 221, 237, 232,
    207,  54, 246, 150, 171,   2, 117, 120,  68, 149,  52, 217, 240, 192, 160,  73,
    162,  50, 124,  14, 143, 173, 111, 144, 193, 127, 186,  62,  12, 174, 126, 125,
    218, 223,  38, 154,  88, 101, 157, 142,  25,  59, 175,  87, 226,  74, 107, 208,
    164, 190,  60, 209,   9,  83, 145, 215,   5,  94, 202, 236, 219, 189,  37, 194,
     82,  41,  22, 224,  99, 163, 169, 235, 201, 105,  78, 216,   4, 252,  21, 115,
    204, 231,  89, 104, 128,   3, 172, 166, 181, 161, 108, 132,  98, 140,  10, 206,
     19,  80, 205, 106,   6, 195, 156,  58,  51, 254,   7,  18, 123,  43,  71, 112,
     35,  76,  56, 121, 188,  44,  39, 109,  36,  57, 210, 138,  97, 187, 110, 158,
    167,  46,  47, 227, 159,  24,  67,  77,  34, 129, 200, 178, 135, 180,  70, 225,
    100, 239, 131,  86, 211,  45, 185,  27, 130, 141,  53, 249, 182, 255,  92,  23,
     17,  16, 176,  26, 168,  20,   1,  13,  64,  75, 241,  79, 113, 248, 119,  65,
      0, 118,  49, 243,  81,  91, 198,  66, 238, 242,  72, 199,  11, 153, 133,  95,
    179,  84, 139, 220, 229,  33,  32, 253, 228,  63,  31, 233, 197,  61, 222,  90,
    214,  48, 183,  55, 230,  29, 137, 196,  85,  28, 122,  15, 170, 146, 191,  42,
    203, 152, 251, 102, 147, 212, 103,  40, 184, 244,   8,  69, 151, 134, 247, 148
]

# Comma-separated format:
114, 234, 93, 116, 155, 165, 177, 250, 213, 96, 245, 30, 136, 221, 237, 232, 207, 54, 246, 150, 171, 2, 117, 120, 68, 149, 52, 217, 240, 192, 160, 73, 162, 50, 124, 14, 143, 173, 111, 144, 193, 127, 186, 62, 12, 174, 126, 125, 218, 223, 38, 154, 88, 101, 157, 142, 25, 59, 175, 87, 226, 74, 107, 208, 164, 190, 60, 209, 9, 83, 145, 215, 5, 94, 202, 236, 219, 189, 37, 194, 82, 41, 22, 224, 99, 163, 169, 235, 201, 105, 78, 216, 4, 252, 21, 115, 204, 231, 89, 104, 128, 3, 172, 166, 181, 161, 108, 132, 98, 140, 10, 206, 19, 80, 205, 106, 6, 195, 156, 58, 51, 254, 7, 18, 123, 43, 71, 112, 35, 76, 56, 121, 188, 44, 39, 109, 36, 57, 210, 138, 97, 187, 110, 158, 167, 46, 47, 227, 159, 24, 67, 77, 34, 129, 200, 178, 135, 180, 70, 225, 100, 239, 131, 86, 211, 45, 185, 27, 130, 141, 53, 249, 182, 255, 92, 23, 17, 16, 176, 26, 168, 20, 1, 13, 64, 75, 241, 79, 113, 248, 119, 65, 0, 118, 49, 243, 81, 91, 198, 66, 238, 242, 72, 199, 11, 153, 133, 95, 179, 84, 139, 220, 229, 33, 32, 253, 228, 63, 31, 233, 197, 61, 222, 90, 214, 48, 183, 55, 230, 29, 137, 196, 85, 28, 122, 15, 170, 146, 191, 42, 203, 152, 251, 102, 147, 212, 103, 40, 184, 244, 8, 69, 151, 134, 247, 148
