# V3 Final S-box - TRIPLE SWAP KAPALI
# Generated on: 2026-01-21T20:58:13.649

sbox = UInt8[
     14,  56, 228, 106, 117, 166, 191, 109,  88, 101, 120, 179, 146, 249, 210,  52,
     93,  30,   7, 142, 104,  86, 150,  11,  43, 200,   3, 132,  29, 193, 207, 103,
    216, 194, 184, 206, 222,  18, 176, 212,  10, 108, 141, 180,  99, 226, 187, 236,
    254,  28,  44, 153,  19, 170, 190, 213,   1,  77,  81,  90, 160,  83, 124,  71,
    173, 246, 162,  17, 136,  39,  57, 239, 178,  66,  72,  50,  67,  69,  45,  64,
     98, 202, 229,   9, 219, 230, 100,  97, 138, 145, 186,  74, 209, 185, 137, 119,
    233, 198,  16, 242, 143, 215, 214, 240, 126, 110,   5, 113, 247, 221, 168,  70,
      4, 164, 148,  13,  80, 161,  53,  68, 158,  41, 205, 204, 220,  89,  84, 129,
    122, 235, 250, 231,  65, 172,  27, 181,  94, 225,  54,  51, 140, 102, 115,   0,
    208, 245,  34,  78,  37,  42,  20, 157,  21,  58, 189, 135, 192, 125,  15, 199,
    244,  35, 159, 182,  82,  63, 134,  22, 149, 147, 167,   2,  59, 197,  23,  49,
    152, 121, 105, 131,  96,  61,  79, 169, 112, 163,   8,  48,  91, 175,  46, 237,
    171, 253, 248, 127, 234,  87, 203, 107,  32,  76, 165, 188, 243, 174,  75, 133,
     92, 154, 196, 151,  40, 156,  47, 251, 224,  60, 201, 118, 238,  31,  36, 128,
    232, 211, 155,  73, 114, 255, 139,  95,  85, 144, 183,  33,  25, 218, 227, 241,
    130, 123,  26,  24, 116,   6, 177,  55, 223, 111, 195,  62,  38,  12, 217, 252
]
