# Final optimized S-box - COMPOSITE FITNESS WITH EARLY STOPPING
# Generated on: 2026-01-28T21:12:35.003
# Format: 16 values per line (256 total)

sbox = UInt8[
    142, 107, 195, 243, 214, 210, 135,  78, 183, 121, 218, 208, 134, 132,  73, 133,
    166,   3, 181,  45, 216, 174, 170,  87,  83, 217, 113,  19, 154, 119,  11,  44,
    149,  49, 145,  71, 192, 222, 116, 173, 150,  82, 148, 137, 122, 167, 230, 248,
    156,  69, 247, 228,  76,  43, 161,  21, 151,  77,  90, 255, 191, 201,  15, 164,
    131,  38,   0, 146, 221,  53,  65, 109,  34,  67, 249, 184, 202, 125,  27, 128,
    178,  18,  84,  64, 223, 240, 187,  61, 220,  81, 219, 227,  95,  60, 252, 250,
     23, 234,  91, 189, 182,  89,   7,  59,  33,  94, 143, 111, 118, 206, 159,  97,
    102, 108,  86, 152, 160, 198,  13, 232, 138,  36, 224, 211, 110,   6, 185, 231,
    196, 127,   9, 162, 175, 205, 194,  37, 209,  96, 203,  51,  72, 226,  63,  70,
    179, 176,  39,  14, 120, 200, 106, 253, 157, 235, 126,  99,  56,  22,  80, 112,
    158, 186, 172,  16,  31,   4,  74,  20,  66, 239, 155, 199,  42, 177,   2,  93,
    124, 163,  24, 238,  41, 180,  75,  28,  47,  48,  26, 114, 169, 136, 117,  17,
    147, 171, 246, 241, 233,  68, 168, 103,  30, 139, 153,  25,  29, 207, 165, 141,
      1,  40, 197, 213,  35, 244, 100, 105,  46,  62,   5, 251,  79, 115, 104,   8,
     12, 229, 242, 190, 129,  32,  88, 236, 130, 237, 188,  52,  57, 212, 140,  92,
    254,  85,  98, 215, 101,  55,  58, 193, 225, 144, 245, 123, 204,  10,  54,  50
]

# Comma-separated format:
142, 107, 195, 243, 214, 210, 135, 78, 183, 121, 218, 208, 134, 132, 73, 133, 166, 3, 181, 45, 216, 174, 170, 87, 83, 217, 113, 19, 154, 119, 11, 44, 149, 49, 145, 71, 192, 222, 116, 173, 150, 82, 148, 137, 122, 167, 230, 248, 156, 69, 247, 228, 76, 43, 161, 21, 151, 77, 90, 255, 191, 201, 15, 164, 131, 38, 0, 146, 221, 53, 65, 109, 34, 67, 249, 184, 202, 125, 27, 128, 178, 18, 84, 64, 223, 240, 187, 61, 220, 81, 219, 227, 95, 60, 252, 250, 23, 234, 91, 189, 182, 89, 7, 59, 33, 94, 143, 111, 118, 206, 159, 97, 102, 108, 86, 152, 160, 198, 13, 232, 138, 36, 224, 211, 110, 6, 185, 231, 196, 127, 9, 162, 175, 205, 194, 37, 209, 96, 203, 51, 72, 226, 63, 70, 179, 176, 39, 14, 120, 200, 106, 253, 157, 235, 126, 99, 56, 22, 80, 112, 158, 186, 172, 16, 31, 4, 74, 20, 66, 239, 155, 199, 42, 177, 2, 93, 124, 163, 24, 238, 41, 180, 75, 28, 47, 48, 26, 114, 169, 136, 117, 17, 147, 171, 246, 241, 233, 68, 168, 103, 30, 139, 153, 25, 29, 207, 165, 141, 1, 40, 197, 213, 35, 244, 100, 105, 46, 62, 5, 251, 79, 115, 104, 8, 12, 229, 242, 190, 129, 32, 88, 236, 130, 237, 188, 52, 57, 212, 140, 92, 254, 85, 98, 215, 101, 55, 58, 193, 225, 144, 245, 123, 204, 10, 54, 50
