# V3 Final S-box - TRIPLE SWAP KAPALI
# Generated on: 2026-01-21T16:43:14.816

sbox = UInt8[
    144, 157, 161,  72,  31,   3, 230, 128, 134,  98,   8,  34,  99,  37, 184,   7,
    160, 152,   0,  74, 101, 198, 202,  93,  66,   6,  18, 247, 104, 156, 109, 228,
    243, 108, 245, 159, 164,  64, 253,  52, 146, 246, 211, 234, 229, 233,  83, 227,
    179,  63,  32, 158, 191,  22, 219, 151,  96,  67,  51, 189,  58, 206, 226, 177,
      9, 162,   4,  59,  19,  16, 116,  82,  50, 196,  89, 154,  69, 173,  62, 143,
     38, 204,  55, 192, 169, 115, 244,  20, 165, 251, 186,  92, 193, 185,  43, 248,
     44,  29,  27, 124, 135, 126, 178, 231,   1, 180, 149,  56, 172, 140, 111,  95,
    129, 210, 176, 166, 254, 114, 240,  12, 225, 242, 141, 236,  68, 237, 136,  73,
     25, 203,  28, 250, 207, 255,  57,  13, 252, 183, 170, 171, 120, 217, 112,  87,
    100,   2, 235,  78,  54,  76, 216,  21, 209, 205, 127,  77, 153,  33,  42,  14,
     60, 238, 168, 145,  39, 106, 200,  91,  81, 130, 121, 103, 212,  90,  53,  88,
     84, 249, 197, 150, 214, 187, 218, 137, 182, 155, 241, 213,  75, 131, 105, 194,
     24, 195,  79, 224, 190, 132, 232,  45, 107, 220,  94,  48, 221, 123,  40,  35,
     47, 188,  85, 125,  15,  36,  46, 138,  30, 119, 215, 147, 208, 175, 110,  23,
     10,  97,  86, 139, 239, 113, 118, 199, 174, 133, 167, 142,  17,  71, 117,  41,
    163, 223, 181, 201,  49,  11,  70,  26,  61,  80, 102, 148,   5,  65, 222, 122
]
