# Final optimized S-box - COMPOSITE FITNESS WITH EARLY STOPPING
# Generated on: 2026-01-30T10:34:58.253
# Format: 16 values per line (256 total)

sbox = UInt8[
    105, 130, 214, 129,  26, 235,  24,  91, 170, 248, 151,  44,  84, 179, 207, 255,
    127,  55,  40,  14, 125, 216,  53, 137, 232, 112, 222,  59, 231, 221, 252, 158,
    120,   0, 122,  92,  41, 178,   4, 183, 188, 171,  71,  42,  51, 239,  52, 118,
    196,  60, 192, 175, 167,  79,  29,  30, 143, 173,  77,  27,  54, 185, 211, 186,
     88, 240,  99, 184, 205, 243,  12,  31, 149, 247, 136,  78,  22, 223, 212,  34,
    108,  16, 210,  96, 254,  32,   3,  69, 177, 124, 145, 230,  85, 200,  21,  98,
    128, 228, 126, 237,  25, 115,  87,  94, 215,  93,   9,  13, 250, 172,  90, 201,
     39, 234,  82,  57, 220, 142,  74,   7, 117, 100, 251, 219,  89,  81, 224, 163,
    114, 133, 164,  38,  86, 241, 132,  61,  35,  70, 109, 208,  83,  17,  18, 226,
    162, 217,  58,   1,  45, 168, 169,  97,  67, 148, 107, 153, 135, 176, 204, 111,
     47,   8, 155, 144, 138, 236, 116,  11, 191, 182, 180, 110, 253, 102,  56,  64,
    131, 206, 159, 195,   5, 233, 229, 147,  68, 249, 209, 197, 166, 203, 150,  36,
     10, 225,  19,  15,  73, 119, 152, 101, 174, 198, 139,  63, 246,  23, 123, 103,
    218, 161, 190, 121, 140, 242, 146, 156,  66, 104,  50,  43, 227, 113,  65, 245,
     80,   6, 165,  48, 134,  20,  75, 194, 187, 202, 160, 244,  49,  95, 157,  28,
     76,  72, 238, 154,  37, 181, 199,   2, 213,  62, 106,  33,  46, 141, 193, 189
]

# Comma-separated format:
105, 130, 214, 129, 26, 235, 24, 91, 170, 248, 151, 44, 84, 179, 207, 255, 127, 55, 40, 14, 125, 216, 53, 137, 232, 112, 222, 59, 231, 221, 252, 158, 120, 0, 122, 92, 41, 178, 4, 183, 188, 171, 71, 42, 51, 239, 52, 118, 196, 60, 192, 175, 167, 79, 29, 30, 143, 173, 77, 27, 54, 185, 211, 186, 88, 240, 99, 184, 205, 243, 12, 31, 149, 247, 136, 78, 22, 223, 212, 34, 108, 16, 210, 96, 254, 32, 3, 69, 177, 124, 145, 230, 85, 200, 21, 98, 128, 228, 126, 237, 25, 115, 87, 94, 215, 93, 9, 13, 250, 172, 90, 201, 39, 234, 82, 57, 220, 142, 74, 7, 117, 100, 251, 219, 89, 81, 224, 163, 114, 133, 164, 38, 86, 241, 132, 61, 35, 70, 109, 208, 83, 17, 18, 226, 162, 217, 58, 1, 45, 168, 169, 97, 67, 148, 107, 153, 135, 176, 204, 111, 47, 8, 155, 144, 138, 236, 116, 11, 191, 182, 180, 110, 253, 102, 56, 64, 131, 206, 159, 195, 5, 233, 229, 147, 68, 249, 209, 197, 166, 203, 150, 36, 10, 225, 19, 15, 73, 119, 152, 101, 174, 198, 139, 63, 246, 23, 123, 103, 218, 161, 190, 121, 140, 242, 146, 156, 66, 104, 50, 43, 227, 113, 65, 245, 80, 6, 165, 48, 134, 20, 75, 194, 187, 202, 160, 244, 49, 95, 157, 28, 76, 72, 238, 154, 37, 181, 199, 2, 213, 62, 106, 33, 46, 141, 193, 189
