# Final optimized S-box - COMPOSITE FITNESS WITH EARLY STOPPING
# Generated on: 2026-01-29T21:53:38.274
# Format: 16 values per line (256 total)

sbox = UInt8[
    126,  49, 214, 129,  26, 235,  21,  91,  46,  92, 151,  44,  84, 211, 207, 255,
    127,  55,  40,  14, 125, 216,  22, 137, 232, 112,  93,  59, 231, 221, 252, 158,
    104,   0, 122, 237,  41, 178,   4, 183, 188, 171,  71, 170,  51, 239,  52, 118,
    192,  60, 218, 175, 244,  79,  29,  30, 143, 173,  45,  27,  54, 185, 247, 186,
    108, 113,  99, 184, 205, 243,  12,  31, 149, 179, 136,   5, 116, 223, 212,  34,
    248,  16, 210,  32, 254,  36,   3, 115, 177, 124, 145, 230,  85, 200,  28,  98,
    128, 196, 105, 166,  25,  81,  87,  90, 215,  88,   9,  13, 250, 172,  94, 201,
     39, 234, 194,  57, 220, 142,  74,   7, 117, 100, 251, 219,  89,  69, 132, 163,
    114, 228, 164,  82,  86, 241, 133,  61,  35,  70,  77, 208,  83,  17,  18, 226,
    162, 217,  58,   1, 109, 168, 169,  97,  67, 148, 107, 153, 135, 176, 204, 111,
     47,   8, 155, 144, 138, 236,  53,  11, 191, 182, 180, 110, 150, 102,  80,  64,
    131, 206, 159, 195,  20, 233, 229, 147,  68, 249, 209, 197, 181, 203, 222,  96,
     10, 225,  19,  15,  73, 119, 152, 101, 174,  72, 139,  63, 246,  23, 123, 103,
    224, 161, 190, 121, 140, 242, 198, 156,  66, 120, 130,  43, 227, 240,  65, 245,
     56,   6, 165,  48, 134,  76,  75, 146, 187, 202, 160, 167,  50,  95, 157,  24,
     78,  38, 238, 154,  37, 253, 199,   2, 213,  62, 106,  33,  42, 141, 193, 189
]

# Comma-separated format:
126, 49, 214, 129, 26, 235, 21, 91, 46, 92, 151, 44, 84, 211, 207, 255, 127, 55, 40, 14, 125, 216, 22, 137, 232, 112, 93, 59, 231, 221, 252, 158, 104, 0, 122, 237, 41, 178, 4, 183, 188, 171, 71, 170, 51, 239, 52, 118, 192, 60, 218, 175, 244, 79, 29, 30, 143, 173, 45, 27, 54, 185, 247, 186, 108, 113, 99, 184, 205, 243, 12, 31, 149, 179, 136, 5, 116, 223, 212, 34, 248, 16, 210, 32, 254, 36, 3, 115, 177, 124, 145, 230, 85, 200, 28, 98, 128, 196, 105, 166, 25, 81, 87, 90, 215, 88, 9, 13, 250, 172, 94, 201, 39, 234, 194, 57, 220, 142, 74, 7, 117, 100, 251, 219, 89, 69, 132, 163, 114, 228, 164, 82, 86, 241, 133, 61, 35, 70, 77, 208, 83, 17, 18, 226, 162, 217, 58, 1, 109, 168, 169, 97, 67, 148, 107, 153, 135, 176, 204, 111, 47, 8, 155, 144, 138, 236, 53, 11, 191, 182, 180, 110, 150, 102, 80, 64, 131, 206, 159, 195, 20, 233, 229, 147, 68, 249, 209, 197, 181, 203, 222, 96, 10, 225, 19, 15, 73, 119, 152, 101, 174, 72, 139, 63, 246, 23, 123, 103, 224, 161, 190, 121, 140, 242, 198, 156, 66, 120, 130, 43, 227, 240, 65, 245, 56, 6, 165, 48, 134, 76, 75, 146, 187, 202, 160, 167, 50, 95, 157, 24, 78, 38, 238, 154, 37, 253, 199, 2, 213, 62, 106, 33, 42, 141, 193, 189
