# Final optimized S-box - COMPOSITE FITNESS WITH EARLY STOPPING
# Generated on: 2026-01-29T12:49:48.530
# Format: 16 values per line (256 total)

sbox = UInt8[
    145, 157, 161,  63,  31,   3, 230, 128, 182, 132,   8,  23,   4,  37, 184,   7,
    160, 152,   0,  74, 101, 190, 250,  93,  75,   6, 144, 196, 104, 216, 109,  96,
    147, 108,  13, 159,  12,  64, 253,  52,  89, 246, 211, 234, 229,  35,  95,  26,
    167, 139,  32, 154,  11,  22,   1, 151, 241,  87,  51, 189, 106,  54,  81, 177,
      9, 162,  34,  19,  82,  16, 116, 218,  50,  83,  15, 207,  69,  45,  59, 143,
     44, 140,  53, 129, 127, 115, 244,  98, 135, 251,  65,  92,  14,  85,  43, 175,
     62, 149, 179, 124, 133, 111, 178, 231, 164, 248,  29, 226, 172, 206, 110,  99,
    210,  56, 219, 174, 195, 114, 208, 134, 225, 242, 141, 236,  68, 237, 186,  73,
     25, 220,  10, 238,  46, 146, 204, 203, 252, 201, 235, 171, 122, 217, 153, 185,
    100,   2, 198,  78, 247,  76, 156, 243,  33, 205, 125,  20, 202, 233,  42, 193,
     60, 170, 168,  39, 169,  58, 200,  91, 183, 240, 121,  77, 212,  38, 119,  88,
     84, 245, 123,  86, 214, 187, 112, 137, 176, 155, 228, 213, 227, 131, 105, 194,
    138, 254,  79, 224, 166,  66, 232, 173, 107, 249,  94,  48, 221, 197,  40,  67,
     47, 181, 103, 255,  90,  36,  30, 158, 209,  55, 215,  18,  57, 165, 126,  72,
     28,  97, 150,  21, 239, 113, 118, 199, 136, 192,  27, 142,  17,  71, 117,  41,
    163, 223, 188, 180,  49, 191,  70,  24,  61,  80, 102, 148,   5, 130, 222, 120
]

# Comma-separated format:
145, 157, 161, 63, 31, 3, 230, 128, 182, 132, 8, 23, 4, 37, 184, 7, 160, 152, 0, 74, 101, 190, 250, 93, 75, 6, 144, 196, 104, 216, 109, 96, 147, 108, 13, 159, 12, 64, 253, 52, 89, 246, 211, 234, 229, 35, 95, 26, 167, 139, 32, 154, 11, 22, 1, 151, 241, 87, 51, 189, 106, 54, 81, 177, 9, 162, 34, 19, 82, 16, 116, 218, 50, 83, 15, 207, 69, 45, 59, 143, 44, 140, 53, 129, 127, 115, 244, 98, 135, 251, 65, 92, 14, 85, 43, 175, 62, 149, 179, 124, 133, 111, 178, 231, 164, 248, 29, 226, 172, 206, 110, 99, 210, 56, 219, 174, 195, 114, 208, 134, 225, 242, 141, 236, 68, 237, 186, 73, 25, 220, 10, 238, 46, 146, 204, 203, 252, 201, 235, 171, 122, 217, 153, 185, 100, 2, 198, 78, 247, 76, 156, 243, 33, 205, 125, 20, 202, 233, 42, 193, 60, 170, 168, 39, 169, 58, 200, 91, 183, 240, 121, 77, 212, 38, 119, 88, 84, 245, 123, 86, 214, 187, 112, 137, 176, 155, 228, 213, 227, 131, 105, 194, 138, 254, 79, 224, 166, 66, 232, 173, 107, 249, 94, 48, 221, 197, 40, 67, 47, 181, 103, 255, 90, 36, 30, 158, 209, 55, 215, 18, 57, 165, 126, 72, 28, 97, 150, 21, 239, 113, 118, 199, 136, 192, 27, 142, 17, 71, 117, 41, 163, 223, 188, 180, 49, 191, 70, 24, 61, 80, 102, 148, 5, 130, 222, 120
