# Final optimized S-box - COMPOSITE FITNESS WITH EARLY STOPPING
# Generated on: 2026-01-28T21:31:26.255
# Format: 16 values per line (256 total)

sbox = UInt8[
    142, 107, 195, 245, 192,  98,  27,  78, 183, 120,   8, 208, 154, 132, 248, 225,
    166,   3,   4,  57, 145, 174, 244,  37,  19, 217, 129, 118, 157, 159,  11,  44,
    149,  49, 188,  71,  83,  93, 116, 240,  85,  82, 180, 190,  65, 167,  46, 156,
    140,  29, 247,  84, 207,  43, 161,  21, 151,  77,  90,  96, 191, 228,  15, 164,
    131,  10, 249, 146, 102,  53,  17,   2, 177,  67, 119, 148,  69, 125, 171,  80,
    178, 205, 255,  64, 212, 215, 187, 150, 109, 200, 219,  31,  95, 199, 252, 243,
     23,  18,  91, 189,  55,  89,   7, 121,  33, 127, 143,  79, 210, 155, 231, 176,
     76, 108,  62, 152, 160, 105,  13,   0, 254, 182, 224, 211, 110,  86, 221,  34,
    196,  94,  14, 147, 175, 233,  42,  59,   5, 246, 203,   6,  60, 226,  63,  70,
    179, 222,  39,  92,  87, 122, 106, 250, 193, 206, 126,  99,  56,  22,  36, 112,
    158, 239, 172, 220, 232, 229,  74,  20,  66, 214, 137, 235, 253,  73, 230, 134,
    124, 113,  16, 238,  41,  45,  75,  28,  47,  48,  26, 114, 169, 136, 117,  68,
    162, 216, 237, 241, 130, 170, 168, 103,  30, 139,  72,  25,  24, 202, 165, 141,
      1,  40, 197, 213,  35, 128, 163, 198, 100,  38, 209, 251, 153, 115, 104, 218,
     12, 223, 242, 135, 186,  32,  88, 236, 184, 201,  61,  52, 185,  81, 101,   9,
    138, 111, 227, 234, 173,  97,  58, 181, 133, 144, 194, 123, 204,  51,  54,  50
]

# Comma-separated format:
142, 107, 195, 245, 192, 98, 27, 78, 183, 120, 8, 208, 154, 132, 248, 225, 166, 3, 4, 57, 145, 174, 244, 37, 19, 217, 129, 118, 157, 159, 11, 44, 149, 49, 188, 71, 83, 93, 116, 240, 85, 82, 180, 190, 65, 167, 46, 156, 140, 29, 247, 84, 207, 43, 161, 21, 151, 77, 90, 96, 191, 228, 15, 164, 131, 10, 249, 146, 102, 53, 17, 2, 177, 67, 119, 148, 69, 125, 171, 80, 178, 205, 255, 64, 212, 215, 187, 150, 109, 200, 219, 31, 95, 199, 252, 243, 23, 18, 91, 189, 55, 89, 7, 121, 33, 127, 143, 79, 210, 155, 231, 176, 76, 108, 62, 152, 160, 105, 13, 0, 254, 182, 224, 211, 110, 86, 221, 34, 196, 94, 14, 147, 175, 233, 42, 59, 5, 246, 203, 6, 60, 226, 63, 70, 179, 222, 39, 92, 87, 122, 106, 250, 193, 206, 126, 99, 56, 22, 36, 112, 158, 239, 172, 220, 232, 229, 74, 20, 66, 214, 137, 235, 253, 73, 230, 134, 124, 113, 16, 238, 41, 45, 75, 28, 47, 48, 26, 114, 169, 136, 117, 68, 162, 216, 237, 241, 130, 170, 168, 103, 30, 139, 72, 25, 24, 202, 165, 141, 1, 40, 197, 213, 35, 128, 163, 198, 100, 38, 209, 251, 153, 115, 104, 218, 12, 223, 242, 135, 186, 32, 88, 236, 184, 201, 61, 52, 185, 81, 101, 9, 138, 111, 227, 234, 173, 97, 58, 181, 133, 144, 194, 123, 204, 51, 54, 50
