# Final optimized S-box - COMPOSITE FITNESS WITH EARLY STOPPING
# Generated on: 2026-02-02T13:59:23.622
# Format: 16 values per line (256 total)

sbox = UInt8[
    142, 107,  27, 243, 215,  98, 212,  78, 184,  18,   8, 208,  21, 132, 248, 179,
    166,   3,   6,  45, 114, 221, 244,  87,  83, 217, 183,  19, 154, 249,  11,  40,
    149,  49, 148,  71, 192, 225, 116, 240,  85,  82, 180,  51, 220,  10, 100, 156,
    159,  69, 247,  96,  76,  43, 161, 214, 151,  77,  90,  84, 201,  70,  15, 164,
    131, 178,   0, 158,  41,  53,  65, 109,  34,  38, 119, 145,  24, 123, 135,  80,
    106, 239, 255,  64, 186,  73, 187, 150, 177, 230, 219, 231, 190, 199, 252, 122,
     23,  37, 155, 189,  55,  89,   7, 121, 175,  94, 143, 173, 210, 235, 137,  86,
    141, 108, 198, 152, 207, 105,  13, 232,  48, 216, 134, 157, 195,  92, 185,  54,
    196,  61,  31,   2, 191, 234,  42, 111, 209, 246, 203,   4,  79, 226,  63,  44,
     93, 176,  39, 229, 120, 200, 237, 253, 193, 238,  36,  99,  56,  22, 126, 112,
     66, 167, 172,  16, 228, 223,  74,  20, 146, 188, 251, 174, 245, 118, 162,  88,
    124, 113,  81,  33,  95, 163,  75,  28,  47, 138,  26, 169,  68, 136, 117,  17,
    147, 139, 206, 241, 233,  57, 168, 103,  30, 194,  72,  25, 153, 202, 160, 102,
      1, 165, 197, 213,  35, 224, 128, 182,  46,  67,   5,  91,  29, 115, 104, 218,
     12, 140, 242,  14, 129,  32, 170, 236, 171, 222, 110,  52,  59, 227, 101,   9,
    254,  60, 211, 205, 125,  97,  58, 181, 133, 144, 250, 127, 204,  62, 130,  50
]

# Comma-separated format:
142, 107, 27, 243, 215, 98, 212, 78, 184, 18, 8, 208, 21, 132, 248, 179, 166, 3, 6, 45, 114, 221, 244, 87, 83, 217, 183, 19, 154, 249, 11, 40, 149, 49, 148, 71, 192, 225, 116, 240, 85, 82, 180, 51, 220, 10, 100, 156, 159, 69, 247, 96, 76, 43, 161, 214, 151, 77, 90, 84, 201, 70, 15, 164, 131, 178, 0, 158, 41, 53, 65, 109, 34, 38, 119, 145, 24, 123, 135, 80, 106, 239, 255, 64, 186, 73, 187, 150, 177, 230, 219, 231, 190, 199, 252, 122, 23, 37, 155, 189, 55, 89, 7, 121, 175, 94, 143, 173, 210, 235, 137, 86, 141, 108, 198, 152, 207, 105, 13, 232, 48, 216, 134, 157, 195, 92, 185, 54, 196, 61, 31, 2, 191, 234, 42, 111, 209, 246, 203, 4, 79, 226, 63, 44, 93, 176, 39, 229, 120, 200, 237, 253, 193, 238, 36, 99, 56, 22, 126, 112, 66, 167, 172, 16, 228, 223, 74, 20, 146, 188, 251, 174, 245, 118, 162, 88, 124, 113, 81, 33, 95, 163, 75, 28, 47, 138, 26, 169, 68, 136, 117, 17, 147, 139, 206, 241, 233, 57, 168, 103, 30, 194, 72, 25, 153, 202, 160, 102, 1, 165, 197, 213, 35, 224, 128, 182, 46, 67, 5, 91, 29, 115, 104, 218, 12, 140, 242, 14, 129, 32, 170, 236, 171, 222, 110, 52, 59, 227, 101, 9, 254, 60, 211, 205, 125, 97, 58, 181, 133, 144, 250, 127, 204, 62, 130, 50
