# V5 Final S-box - GUIDED SWAP KAPALI
# Generated on: 2026-01-20T18:43:13.538

sbox = UInt8[
    229, 150, 148,  97, 101, 212, 136, 170, 240,  37, 182,  42, 156, 230, 237, 166,
    197, 127, 203,  51,  94, 234, 130,  25, 194, 179, 171, 154, 151, 245,  39, 220,
     12, 147, 238, 196,   9,  32, 202, 210, 112, 119, 167, 113, 141,  85, 163,   5,
    248, 181,  17, 191, 169, 172, 223,  50, 218, 186, 155,  26, 228,   6, 200, 175,
     43, 138, 224, 120, 253,  11, 227,  86, 187, 176,  81, 140, 157, 192, 137, 159,
     57, 183,  59, 104, 114, 222,  75, 106,  69,  30, 134, 146, 235, 211, 132,  62,
     10,  61,  46, 110, 254, 118, 246,  67,  18, 160, 162, 135, 100,   3,  33, 121,
     44,   7, 243, 144,   4,  66, 107,  53,  49, 241,  71,  58,  84,  34, 198, 236,
    252,  16, 178, 193,  90, 214, 143,  31, 250,  13,  21,  48, 153, 177, 180, 204,
     80, 145, 165,  65,  22,  38,  29, 239,  77, 251,  76, 233, 164, 255, 201, 139,
     63, 190, 195, 173,  82,  20,  87,  88,  64,  73,  96,  99, 161,  60, 102, 216,
    142, 117, 231,  45,  70,  24, 122, 215, 131, 125,  56, 213,  40, 225, 207,  55,
     23, 185, 205, 128,  36, 217,   8,  72, 105,  15, 111, 242,   0,  35,  47,  91,
     68, 126,  54, 219,  92, 115, 221,  93, 124, 108, 149, 247,  41, 103, 199,  74,
    158, 133, 226,  95,  83,  28,   2,  98,  27, 109, 206, 232, 209,  78, 152, 184,
     89, 123,  79,   1, 174, 208, 168,  19,  52, 189, 129, 188, 116, 244, 249,  14
]
