# Final optimized S-box - COMPOSITE FITNESS WITH EARLY STOPPING
# Generated on: 2026-01-29T11:09:52.045
# Format: 16 values per line (256 total)

sbox = UInt8[
    144, 157, 161,  72,  31,   3, 230, 128, 134,  84,   8,  34,  99, 153, 184, 248,
    220,  89,   0,  74, 101, 198, 202,  93, 208,   6, 151, 196, 104, 216, 109, 158,
    169, 108, 201, 159,  12,  64, 193,  52, 179, 246, 249, 234, 229, 233,  83,  62,
    167,  63,  85,  96, 254,  22, 219,  16, 228,  87,  51, 221, 106,  57, 118, 147,
      9, 162,   4,  59,  19,  48, 116,  82,  50,  41, 243, 174, 139,  45,  81,  88,
     44, 204,  58, 129, 152, 168, 244,  98, 135, 251, 154,  92, 120,  67,  43, 175,
     38, 149, 223, 124,  15, 126, 178, 231,   1,   7,  29,  56, 172, 140, 111,  95,
    180,  21, 182, 166, 132, 114, 240, 164, 225, 242, 141, 236,  68, 237, 191, 115,
     25, 160,  10,  86,  24, 255, 206,  13, 252,  32, 170, 171, 122, 217, 112, 185,
    100,   2, 235,  78,  54,  76, 156, 155,  80, 205, 146,  77, 211,  33,  42,  14,
     60, 238,  73,  37,  39, 189, 200,  91,  69,  66, 121,  20, 212, 218,  53, 253,
    127, 245, 123, 250, 214, 187,  61, 137, 176, 145, 241, 213,  75, 131, 203, 194,
     26, 195,  79, 224, 190, 103, 232, 173, 107,  40,  94, 177,  55, 197, 105,  35,
     47, 181, 183, 125, 133,  36,  46, 138,  30, 207, 209,  18, 130, 165, 110,  23,
     28,  97, 150, 210, 239, 113, 226, 199, 136, 192,  27, 142,  17,  71, 117,  90,
    163,  65, 188, 227,  49,  11,  70, 119, 247, 215, 102, 148,   5, 186, 222, 143
]

# Comma-separated format:
144, 157, 161, 72, 31, 3, 230, 128, 134, 84, 8, 34, 99, 153, 184, 248, 220, 89, 0, 74, 101, 198, 202, 93, 208, 6, 151, 196, 104, 216, 109, 158, 169, 108, 201, 159, 12, 64, 193, 52, 179, 246, 249, 234, 229, 233, 83, 62, 167, 63, 85, 96, 254, 22, 219, 16, 228, 87, 51, 221, 106, 57, 118, 147, 9, 162, 4, 59, 19, 48, 116, 82, 50, 41, 243, 174, 139, 45, 81, 88, 44, 204, 58, 129, 152, 168, 244, 98, 135, 251, 154, 92, 120, 67, 43, 175, 38, 149, 223, 124, 15, 126, 178, 231, 1, 7, 29, 56, 172, 140, 111, 95, 180, 21, 182, 166, 132, 114, 240, 164, 225, 242, 141, 236, 68, 237, 191, 115, 25, 160, 10, 86, 24, 255, 206, 13, 252, 32, 170, 171, 122, 217, 112, 185, 100, 2, 235, 78, 54, 76, 156, 155, 80, 205, 146, 77, 211, 33, 42, 14, 60, 238, 73, 37, 39, 189, 200, 91, 69, 66, 121, 20, 212, 218, 53, 253, 127, 245, 123, 250, 214, 187, 61, 137, 176, 145, 241, 213, 75, 131, 203, 194, 26, 195, 79, 224, 190, 103, 232, 173, 107, 40, 94, 177, 55, 197, 105, 35, 47, 181, 183, 125, 133, 36, 46, 138, 30, 207, 209, 18, 130, 165, 110, 23, 28, 97, 150, 210, 239, 113, 226, 199, 136, 192, 27, 142, 17, 71, 117, 90, 163, 65, 188, 227, 49, 11, 70, 119, 247, 215, 102, 148, 5, 186, 222, 143
