# Final optimized S-box - COMPOSITE FITNESS WITH EARLY STOPPING
# Generated on: 2026-01-29T12:09:49.934
# Format: 16 values per line (256 total)

sbox = UInt8[
    147, 157, 161,  72,  31,   3, 235, 128,  75, 132,   1,  34, 233,  37, 184,   7,
     48, 151,   8,  74, 101, 198,  22, 125,  66,   6, 152, 190, 104, 216, 109, 102,
    243, 145, 134, 159,  12,  64, 253,  20, 111, 246, 211, 110, 229, 168,  83, 227,
     47,  63,  32, 158, 191,  70, 219,  52, 228,  87,  51, 189, 106,  68, 226, 177,
      9, 162,  14,  59,  19,  16, 116, 135, 167,  90, 169, 183,  69,  45,  62, 143,
     44, 204,  55, 129, 197, 115, 244,  98, 202, 251,  65,  92, 193,  27,  43, 175,
     38, 149, 179, 124,  41, 241, 178, 231,   0, 248,  29,  56, 172, 206,  88, 196,
    254, 210, 182, 166, 180, 146, 240, 164, 225, 242, 141,  67,  46, 237, 174,  73,
     25, 220,  10, 250, 207, 255, 160,  57, 252,  26,  96, 171, 122, 217, 126, 185,
    100,  89, 117,  86,  54, 140, 142, 139, 230, 205, 214,  77, 153,  33, 234,   4,
    221, 238,  97, 105,  39,  58, 200,  91, 133, 208, 121,  60, 212, 218,  53, 114,
     84, 245, 123,  78,  99, 187, 247,  11, 170, 155, 173, 213, 236, 176, 108, 194,
    154, 195, 232,  13,  95, 103,  76,  50, 107, 203,  94, 112, 144, 249,  40,  35,
     79,  93, 209, 181,  15,  36, 127, 138,  30, 119, 215,  18, 130, 165,  42,  23,
     28, 224, 150,  21, 239, 113, 118, 199, 136, 156,   2, 192,  17,  71,  85,  80,
    163, 223, 188,  81,  49, 137,  82,  24,  61, 201, 131, 148,   5, 186, 222, 120
]

# Comma-separated format:
147, 157, 161, 72, 31, 3, 235, 128, 75, 132, 1, 34, 233, 37, 184, 7, 48, 151, 8, 74, 101, 198, 22, 125, 66, 6, 152, 190, 104, 216, 109, 102, 243, 145, 134, 159, 12, 64, 253, 20, 111, 246, 211, 110, 229, 168, 83, 227, 47, 63, 32, 158, 191, 70, 219, 52, 228, 87, 51, 189, 106, 68, 226, 177, 9, 162, 14, 59, 19, 16, 116, 135, 167, 90, 169, 183, 69, 45, 62, 143, 44, 204, 55, 129, 197, 115, 244, 98, 202, 251, 65, 92, 193, 27, 43, 175, 38, 149, 179, 124, 41, 241, 178, 231, 0, 248, 29, 56, 172, 206, 88, 196, 254, 210, 182, 166, 180, 146, 240, 164, 225, 242, 141, 67, 46, 237, 174, 73, 25, 220, 10, 250, 207, 255, 160, 57, 252, 26, 96, 171, 122, 217, 126, 185, 100, 89, 117, 86, 54, 140, 142, 139, 230, 205, 214, 77, 153, 33, 234, 4, 221, 238, 97, 105, 39, 58, 200, 91, 133, 208, 121, 60, 212, 218, 53, 114, 84, 245, 123, 78, 99, 187, 247, 11, 170, 155, 173, 213, 236, 176, 108, 194, 154, 195, 232, 13, 95, 103, 76, 50, 107, 203, 94, 112, 144, 249, 40, 35, 79, 93, 209, 181, 15, 36, 127, 138, 30, 119, 215, 18, 130, 165, 42, 23, 28, 224, 150, 21, 239, 113, 118, 199, 136, 156, 2, 192, 17, 71, 85, 80, 163, 223, 188, 81, 49, 137, 82, 24, 61, 201, 131, 148, 5, 186, 222, 120
