# V3 Final S-box - TRIPLE SWAP KAPALI
# Generated on: 2026-01-19T21:38:21.892

sbox = UInt8[
    114,   0,  27, 180, 155, 165,  35, 219, 130,   8,  46,  30, 136, 221, 237, 232,
     62,  52, 246, 150,  71,   2, 245, 248, 177, 157,   4,  93, 240,  64, 149,  73,
    162, 108, 124,  14, 243, 173, 238,  84, 193, 127,  88, 122,  13, 174,  40, 125,
    210, 189,  38,  33,  54, 101, 207, 142,  11, 134, 175,  87, 233,  74, 107, 188,
    164, 184, 171, 109,   9,  83, 145, 160, 139,  94, 202, 236, 111, 116, 131, 102,
     45,  41,  95,  92, 117, 163, 169,  66, 105, 235,  48, 216, 120, 220,  21, 119,
    204, 231,  89, 104, 128,   3, 172, 166, 181, 161,  36, 148,  98, 140,  10, 206,
     19, 217, 218, 106,  57, 195, 205, 179,  51, 254,   7,  50, 191,  43,  60, 230,
    224,  76,  56, 121, 208,  44,  39, 156, 100,   6, 151, 138,  97, 168, 110, 194,
    225, 253,   5, 239, 159,  80,  67, 113, 198, 129, 200, 178, 135,  61,  72, 203,
    228, 227,  34,  86, 211, 209, 185, 187, 213, 141,  53, 249, 182,  31,  37,  23,
     17,  16, 126,  26, 170,  20,  70,  15, 192,  75, 215, 112,  77,  47, 123,  65,
     22, 118,  82,  99,  81,  25, 143, 186, 250, 242,   1, 199, 132, 153, 133, 255,
     58, 144,  79, 176, 229, 154,  32,  59, 197,  63, 115,  96,  18,  24, 222,  90,
    214,  78, 183,  55, 158,  29, 137, 196,  85,  28,  49,  12, 201, 146, 190,  42,
    167, 152, 251, 241, 147, 212, 103, 252,  68, 244, 226,  69, 223, 234, 247,  91
]
