# V3 Final S-box - TRIPLE SWAP KAPALI
# Generated on: 2026-01-20T12:30:59.882

sbox = UInt8[
    222, 233, 195,  19, 214,  98,  27, 120, 183,  37,  78, 208, 142, 194, 248, 197,
    166, 143,   4,  45, 216, 221, 244,  87,  83,  91, 163, 243, 154,  14, 107,  44,
    109,  49, 145,  71, 192,  93, 116,  28,  85,  82, 180, 137, 186, 176, 100,  47,
    140, 240, 247,  96,  76,  43, 161,  21, 164, 104, 167, 170, 191, 201,  15, 236,
    131, 184,   2, 146, 207,  53, 149,  65, 227,  67, 119, 148,  24, 125, 135,  80,
    178, 205, 157,  64,  17,   7, 187,  66, 219, 198,   8, 231,  90, 141, 250, 122,
     23,  52, 217, 190,  55,  89, 213, 121,  33,  94,   3,  35,  16, 235, 159, 182,
    102, 108,  86, 152, 160, 105,  13, 124, 138, 230, 224,  48, 110,  51, 185, 147,
    196, 127, 249,   6, 175, 237,  42,  59, 209, 246, 203, 162,  79, 228,  63,  70,
    179,  95,  39,  92, 220, 200, 106, 253, 193, 206, 126,  34,  56,  22, 255, 112,
    158, 239, 172, 210,  31,  68,  74,  20, 150, 252, 155, 174, 245, 118, 181, 134,
    232, 113, 130, 238,  41,  10,  75,  69, 156, 211,  26, 114, 169, 136, 117, 177,
     36, 188, 226, 241,  11, 223, 168,  58, 132, 229,  72,  25,  29, 202, 165, 199,
      1,  40, 225,  73, 111,  84, 128, 212,  46,  38, 171, 251, 153,  99,  77, 218,
     12, 139, 242, 189, 129,  32,  88, 151,   5, 234,  61,  18,  57,  81, 101,   9,
    254,  60, 115, 215, 173,  97, 103,   0, 133, 144,  30, 123, 204,  62,  54,  50
]
