# Final optimized S-box - COMPOSITE FITNESS WITH EARLY STOPPING
# Generated on: 2026-01-28T23:32:33.023
# Format: 16 values per line (256 total)

sbox = UInt8[
      0, 107, 195, 243, 214,  98, 245,  78,   7,  37,   8, 208,  29, 132, 248, 225,
    166,   3, 226,  45, 216, 174, 244,  17, 237, 217, 163, 113, 118, 249,  11,  99,
    149,  49, 145,  71, 192,  90, 116, 240,  85, 161, 180, 137, 186, 167, 100, 156,
    140,   1, 247,  96,  84,  43,  82,  21, 151,  77,  93,  64, 191, 201, 181, 203,
    131,  10,  40, 146, 108,  53,  38,  16,  34,  67, 119, 148, 125,  24, 135,  80,
    178, 205, 255, 153, 177, 115, 187, 150, 220, 212, 219, 231,  95, 199, 252, 122,
     23,  18, 207, 189,  55,  89, 170, 121,  33,  94, 251, 111, 223, 235, 159, 182,
    143, 164,  86, 152,  69, 105,  13, 232, 138, 230, 224, 211, 110,  51,  46, 157,
    196, 127,  68, 162, 175, 234,  42,  59, 209,  87,  91,   6,  79,   4,  63,  72,
    179, 176,  39,  92, 120, 200, 106, 253, 193, 222, 102,  44,  56,  22, 183, 112,
    158,  76, 172, 109,  31, 210,  74,  20,  66, 250, 155, 221,  70, 185,  36, 134,
    124,  19, 130, 238,  41, 184, 160,  28,  47,  48,  26, 114, 169, 136, 117, 154,
    147, 188, 228, 241, 233,  14, 168, 103,  30, 139,  27,  25, 246, 202, 165, 141,
     75,  57, 197, 213, 126,   2, 128, 198, 206,  58,   5,  35, 239,  73,  61, 218,
    142, 229, 104, 190, 129,  32,  88, 236, 171,  54, 242,  52,  12,  81, 101,   9,
    254,  60, 227, 215, 173,  97,  65,  15, 133, 144, 194, 123, 204,  62,  83,  50
]

# Comma-separated format:
0, 107, 195, 243, 214, 98, 245, 78, 7, 37, 8, 208, 29, 132, 248, 225, 166, 3, 226, 45, 216, 174, 244, 17, 237, 217, 163, 113, 118, 249, 11, 99, 149, 49, 145, 71, 192, 90, 116, 240, 85, 161, 180, 137, 186, 167, 100, 156, 140, 1, 247, 96, 84, 43, 82, 21, 151, 77, 93, 64, 191, 201, 181, 203, 131, 10, 40, 146, 108, 53, 38, 16, 34, 67, 119, 148, 125, 24, 135, 80, 178, 205, 255, 153, 177, 115, 187, 150, 220, 212, 219, 231, 95, 199, 252, 122, 23, 18, 207, 189, 55, 89, 170, 121, 33, 94, 251, 111, 223, 235, 159, 182, 143, 164, 86, 152, 69, 105, 13, 232, 138, 230, 224, 211, 110, 51, 46, 157, 196, 127, 68, 162, 175, 234, 42, 59, 209, 87, 91, 6, 79, 4, 63, 72, 179, 176, 39, 92, 120, 200, 106, 253, 193, 222, 102, 44, 56, 22, 183, 112, 158, 76, 172, 109, 31, 210, 74, 20, 66, 250, 155, 221, 70, 185, 36, 134, 124, 19, 130, 238, 41, 184, 160, 28, 47, 48, 26, 114, 169, 136, 117, 154, 147, 188, 228, 241, 233, 14, 168, 103, 30, 139, 27, 25, 246, 202, 165, 141, 75, 57, 197, 213, 126, 2, 128, 198, 206, 58, 5, 35, 239, 73, 61, 218, 142, 229, 104, 190, 129, 32, 88, 236, 171, 54, 242, 52, 12, 81, 101, 9, 254, 60, 227, 215, 173, 97, 65, 15, 133, 144, 194, 123, 204, 62, 83, 50
