# V5 Final S-box - GUIDED SWAP KAPALI
# Generated on: 2026-01-21T18:27:58.909

sbox = UInt8[
    112, 127,   5, 222, 200, 215, 239, 134, 115, 240, 133, 177,   7,  77, 118, 253,
     81, 105, 137, 167,  62,   1,  60, 151, 208, 223, 147,  14, 243,  31,  52,  44,
    206,  28, 238,  89,  23,  78, 173,  86,  34, 108,  79, 192, 128,  64,  46, 174,
    250,  97, 156,  24, 183,  94,  76, 150,   3,  56, 234,  66, 194, 148, 103,  83,
     51, 106,   6, 168,  95, 193,  91, 135, 255,  98, 129, 109,  35, 175, 203, 225,
    204, 132,   8,  18, 138,  80,  32,  39, 247, 189,  59, 254, 141,  85, 237, 233,
    180, 117, 153,  53, 176,  84, 244, 131, 242, 198, 227, 163,  49,  22, 111, 142,
    164,  26,  41, 191,  45, 100, 159,  13,  82, 221, 217, 157,  50,   2, 152,  11,
     16,  19,  63, 169, 166, 139,  37, 145, 211, 116, 207,  87, 182, 188, 201,   0,
    144, 245, 231, 146,  72,  38, 122, 107, 246,  73,  17, 186,  29, 218,  92, 202,
     54, 210, 101, 195, 125, 220, 236, 110,  55,  42,   9, 249,  21, 181, 161, 114,
    155, 251, 226, 162, 252, 172, 178,  61, 214, 113, 130, 154, 212,  15, 126,  20,
    123, 199, 230, 165,  70, 248,  48,  88,  65,  33,  25,  30, 232,  43,  67, 190,
    104,  36, 187, 120, 235,  68, 184,  90,  93,  27, 197, 149, 102, 170, 158,  40,
    213, 171,  57, 136,  75,  47, 185, 140, 160, 179, 119, 209, 216, 241,  69, 219,
     58,  74, 229, 196, 228, 224,  71,  12, 205, 121,  96,  10, 124, 143,  99,   4
]
