# Final optimized S-box - COMPOSITE FITNESS WITH EARLY STOPPING
# Generated on: 2026-01-28T21:50:03.487
# Format: 16 values per line (256 total)

sbox = UInt8[
     46, 107, 238, 243, 237,  98,  27,  78, 183, 126,   8, 208, 159, 132, 248, 225,
    166,  11,   4, 174, 216, 142, 170,  87, 115, 140,  92,  19, 154, 222,   7,  44,
    149,  49, 145, 212, 192,  93, 116, 240,  85,  82, 180, 137, 186, 254, 100, 123,
     29,  61, 247,  96,  76,  43, 161,  21, 151,  77,  90,  84, 191, 201,  15, 164,
    131,  10,   0, 146, 207,  53,  65, 109, 162,  83, 119, 195,  24, 125, 218,  81,
    178, 205, 255,  64, 177,  73, 187, 150, 236,  71, 171,  38,  95, 199, 252, 122,
     72, 156,  91, 189,  55,  89, 219, 121,  33,  94, 143, 111, 210, 235, 214, 118,
    135, 108,  86, 152,  70, 105,  13, 232, 138, 160, 224, 211, 110,  68, 185, 157,
    196, 181, 249, 130, 175, 234,  42,  59, 209,  75, 203,   6,  79, 226,  63, 230,
     60, 176,  39, 163, 120, 200,   2, 253, 179, 206,  37,  99,  56,   3, 112,  80,
    158, 239, 172,  16,  31, 223,  74, 148, 231, 250, 155, 221, 245, 102,  32, 134,
    124, 113,  20,  34,  41, 184, 246,  28,  47,  48,  26, 114, 169, 136, 117,  17,
    147, 188, 228, 241, 233,  51, 168, 220,  30, 139, 106,  25, 217, 202, 165, 141,
      1,  40, 197, 213,  35, 244, 128, 198,  45,  66,   5, 251, 153,  67, 104, 182,
     54, 229, 242, 190, 129,  22,  88, 204,  23, 167, 127,  12,  57,  36, 101,   9,
     14, 193, 227, 215, 173,  97,  58,  69, 133, 144, 194,  18, 103,  62,  52,  50
]

# Comma-separated format:
46, 107, 238, 243, 237, 98, 27, 78, 183, 126, 8, 208, 159, 132, 248, 225, 166, 11, 4, 174, 216, 142, 170, 87, 115, 140, 92, 19, 154, 222, 7, 44, 149, 49, 145, 212, 192, 93, 116, 240, 85, 82, 180, 137, 186, 254, 100, 123, 29, 61, 247, 96, 76, 43, 161, 21, 151, 77, 90, 84, 191, 201, 15, 164, 131, 10, 0, 146, 207, 53, 65, 109, 162, 83, 119, 195, 24, 125, 218, 81, 178, 205, 255, 64, 177, 73, 187, 150, 236, 71, 171, 38, 95, 199, 252, 122, 72, 156, 91, 189, 55, 89, 219, 121, 33, 94, 143, 111, 210, 235, 214, 118, 135, 108, 86, 152, 70, 105, 13, 232, 138, 160, 224, 211, 110, 68, 185, 157, 196, 181, 249, 130, 175, 234, 42, 59, 209, 75, 203, 6, 79, 226, 63, 230, 60, 176, 39, 163, 120, 200, 2, 253, 179, 206, 37, 99, 56, 3, 112, 80, 158, 239, 172, 16, 31, 223, 74, 148, 231, 250, 155, 221, 245, 102, 32, 134, 124, 113, 20, 34, 41, 184, 246, 28, 47, 48, 26, 114, 169, 136, 117, 17, 147, 188, 228, 241, 233, 51, 168, 220, 30, 139, 106, 25, 217, 202, 165, 141, 1, 40, 197, 213, 35, 244, 128, 198, 45, 66, 5, 251, 153, 67, 104, 182, 54, 229, 242, 190, 129, 22, 88, 204, 23, 167, 127, 12, 57, 36, 101, 9, 14, 193, 227, 215, 173, 97, 58, 69, 133, 144, 194, 18, 103, 62, 52, 50
