# Final optimized S-box - COMPOSITE FITNESS WITH EARLY STOPPING
# Generated on: 2026-01-29T12:29:50.737
# Format: 16 values per line (256 total)

sbox = UInt8[
    144,  96, 161,  94,  31,   3, 230, 128, 134, 132,   8, 253, 129,  50, 184, 221,
    160, 136,   0,  74, 101, 172,   2,  93,  60, 139, 147, 203,  41,  88, 109, 222,
    254, 108, 249, 159, 122,  64, 237,  52, 146, 111, 211, 234, 229, 233,  83,  22,
    167,  63,  32,  68, 191,  75, 219, 151, 156, 202,  51, 227, 106,  81, 226,  14,
      9, 162, 182,  59,  80, 187, 116,  82, 125, 198, 169, 195,  69,  45,  62, 143,
     44, 204,  55, 180,  89, 115, 246,  98, 135, 107,  65,  92, 193,  67,  43, 175,
     38, 149, 179, 124, 133, 126, 178, 231,   1, 228, 216,  56,   4, 140, 150,  95,
    248, 210, 148, 166, 255, 114, 244, 164, 225, 240, 141, 236,  29, 194,  99,  73,
     25, 220,  87, 250, 207, 243, 206,   7, 252, 183,  70, 171,  91, 217, 112,  20,
    100,  10, 235,  78,  54,  86, 170, 199, 209, 205,  16,  77, 153,  33,  42, 177,
    189, 238, 168, 145,  39,  28, 200, 188, 201, 208, 121, 185, 212, 218,  53, 158,
     84, 245,  19, 118, 214,  79, 247, 137, 176, 239, 241, 213,  71, 131, 105, 192,
     26,  30, 104, 224, 190, 103, 232, 127, 123,  34, 174,  48,  13, 197,  40,  35,
     47, 181,  85,  37, 242,  36,  46, 138, 154, 119, 215,  18, 130, 165, 110,  23,
     12,  97,  72,  21, 155, 113,  58,   6, 152,  66,  27,  15,  17,  76, 117, 251,
    163, 223,  24, 142,  49,  11,  90, 173,  61,  57, 102, 196,   5, 186, 157, 120
]

# Comma-separated format:
144, 96, 161, 94, 31, 3, 230, 128, 134, 132, 8, 253, 129, 50, 184, 221, 160, 136, 0, 74, 101, 172, 2, 93, 60, 139, 147, 203, 41, 88, 109, 222, 254, 108, 249, 159, 122, 64, 237, 52, 146, 111, 211, 234, 229, 233, 83, 22, 167, 63, 32, 68, 191, 75, 219, 151, 156, 202, 51, 227, 106, 81, 226, 14, 9, 162, 182, 59, 80, 187, 116, 82, 125, 198, 169, 195, 69, 45, 62, 143, 44, 204, 55, 180, 89, 115, 246, 98, 135, 107, 65, 92, 193, 67, 43, 175, 38, 149, 179, 124, 133, 126, 178, 231, 1, 228, 216, 56, 4, 140, 150, 95, 248, 210, 148, 166, 255, 114, 244, 164, 225, 240, 141, 236, 29, 194, 99, 73, 25, 220, 87, 250, 207, 243, 206, 7, 252, 183, 70, 171, 91, 217, 112, 20, 100, 10, 235, 78, 54, 86, 170, 199, 209, 205, 16, 77, 153, 33, 42, 177, 189, 238, 168, 145, 39, 28, 200, 188, 201, 208, 121, 185, 212, 218, 53, 158, 84, 245, 19, 118, 214, 79, 247, 137, 176, 239, 241, 213, 71, 131, 105, 192, 26, 30, 104, 224, 190, 103, 232, 127, 123, 34, 174, 48, 13, 197, 40, 35, 47, 181, 85, 37, 242, 36, 46, 138, 154, 119, 215, 18, 130, 165, 110, 23, 12, 97, 72, 21, 155, 113, 58, 6, 152, 66, 27, 15, 17, 76, 117, 251, 163, 223, 24, 142, 49, 11, 90, 173, 61, 57, 102, 196, 5, 186, 157, 120
