# Final optimized S-box - COMPOSITE FITNESS WITH EARLY STOPPING
# Generated on: 2026-01-28T20:53:54.364
# Format: 16 values per line (256 total)

sbox = UInt8[
    143, 107,   3, 243, 163, 100,  27,  47, 183,  37,   8, 208, 222, 132, 248,   7,
    166, 188,   4,  45, 216,  40, 225,  87,  83,  41, 214,  19, 154, 249,  11,  44,
      9,  49, 145,  71,  82,  93,  96, 240,  85,  46,  38, 137, 186, 247, 244, 156,
    140,  69, 187,  98,  76,  43, 161,  21, 151,  77,  90,  84, 191, 201,  15, 164,
    131,  10,   0,   6, 207,  53,  65, 109,  34,  33, 119, 148,  24, 193, 149,  80,
    178, 205, 255,  64, 177, 112, 167, 239, 220, 212,   1, 231,  95, 230, 252, 122,
    213,  18,  91, 189,  55,  89, 120, 121,  67,  94, 127, 111, 210, 235, 159, 182,
    165, 108,  86, 152, 160, 105,  13, 232, 138, 141, 224,  31, 110,  51, 185, 157,
    196, 219, 211, 162, 102, 234,  42, 199,  74, 246, 203,  35,  79, 226,  63,  70,
    179, 134,  39,  92,  60, 200, 106, 253, 125, 181, 133,  99, 150,  58,  36, 223,
     78,  56, 245,  16,  14,  73,  23,  20,  66, 250, 221, 144, 172, 118,   2,  52,
    124, 113, 242, 238,  57, 184,  75,  28, 195,  48,  26, 114, 169, 136, 117,  17,
    147,  32, 158, 241, 233,  68, 168, 103,  30, 139,  72,  25,  29, 202, 175,  59,
    142, 236, 197, 192, 146, 170, 128, 198, 209, 176,   5, 126, 153, 115, 104, 218,
     12, 130, 123, 190, 129, 228, 217, 174, 171, 237,  61, 229,  88,  81, 101, 135,
    254, 116, 227, 215, 173,  97,  22, 206, 180, 155, 194, 251, 204,  62,  54,  50
]

# Comma-separated format:
143, 107, 3, 243, 163, 100, 27, 47, 183, 37, 8, 208, 222, 132, 248, 7, 166, 188, 4, 45, 216, 40, 225, 87, 83, 41, 214, 19, 154, 249, 11, 44, 9, 49, 145, 71, 82, 93, 96, 240, 85, 46, 38, 137, 186, 247, 244, 156, 140, 69, 187, 98, 76, 43, 161, 21, 151, 77, 90, 84, 191, 201, 15, 164, 131, 10, 0, 6, 207, 53, 65, 109, 34, 33, 119, 148, 24, 193, 149, 80, 178, 205, 255, 64, 177, 112, 167, 239, 220, 212, 1, 231, 95, 230, 252, 122, 213, 18, 91, 189, 55, 89, 120, 121, 67, 94, 127, 111, 210, 235, 159, 182, 165, 108, 86, 152, 160, 105, 13, 232, 138, 141, 224, 31, 110, 51, 185, 157, 196, 219, 211, 162, 102, 234, 42, 199, 74, 246, 203, 35, 79, 226, 63, 70, 179, 134, 39, 92, 60, 200, 106, 253, 125, 181, 133, 99, 150, 58, 36, 223, 78, 56, 245, 16, 14, 73, 23, 20, 66, 250, 221, 144, 172, 118, 2, 52, 124, 113, 242, 238, 57, 184, 75, 28, 195, 48, 26, 114, 169, 136, 117, 17, 147, 32, 158, 241, 233, 68, 168, 103, 30, 139, 72, 25, 29, 202, 175, 59, 142, 236, 197, 192, 146, 170, 128, 198, 209, 176, 5, 126, 153, 115, 104, 218, 12, 130, 123, 190, 129, 228, 217, 174, 171, 237, 61, 229, 88, 81, 101, 135, 254, 116, 227, 215, 173, 97, 22, 206, 180, 155, 194, 251, 204, 62, 54, 50
