# Final optimized S-box - COMPOSITE FITNESS WITH EARLY STOPPING
# Generated on: 2026-01-29T10:49:48.606
# Format: 16 values per line (256 total)

sbox = UInt8[
    144, 212, 161,  41, 107,   3, 230, 179, 134, 132,   8,  34,  99,  37, 184, 135,
    160, 152,   0,  74, 101, 198, 120,  93, 189,   6, 147, 180, 104, 216, 109,  96,
    243, 108, 249, 159,  12,  66, 253,  52, 146, 121, 211, 234, 229,  89, 133, 227,
    167,  63, 188, 158, 191,  22, 219, 217, 228,  87,  51,  91, 106,  57, 226, 255,
      9, 128,   4,  59,  19,  94, 116,  82,  50,  90, 169,  47, 233,  45,  62, 143,
     44, 204,  55, 129,  69, 115, 244,  98,  95, 251,  65,  92, 193,  67,  43, 175,
     38, 149, 162, 237,  16, 126, 178, 231,   1, 248,  29,  32, 154, 140, 111,  68,
    117, 210, 182, 166, 254, 114, 240, 164, 225, 242, 141, 236,   7, 110, 174,  64,
     25, 220,  10, 250, 157,  76, 206,  13, 252, 183, 170, 171, 205, 213, 112,  72,
    100,   2, 235,  78,  54, 177,  14, 203, 209, 122, 127,  77, 153,  33,  42, 156,
     60, 238, 168, 145, 139,  58, 200,  18, 201, 208,  86,  20, 131, 218, 118,  88,
     84, 245, 123, 246, 214, 187, 247, 137, 176, 155, 241, 151,  75, 138, 105, 194,
     26, 195,  79, 202, 190, 103, 232, 173,  31,  39,  80,  48, 221, 197,  40,  53,
    172, 181,  85, 125,  15,  36,  46, 207,  30, 119, 186,  73, 130, 165, 124,  23,
     28,  97, 150,  21, 239, 113,  35, 199, 192, 136,  27, 142,  17,  71, 196, 185,
    163, 223,  56,  81,  49,  11,  70,  24,  61,  83, 102, 148,   5, 215, 222, 224
]

# Comma-separated format:
144, 212, 161, 41, 107, 3, 230, 179, 134, 132, 8, 34, 99, 37, 184, 135, 160, 152, 0, 74, 101, 198, 120, 93, 189, 6, 147, 180, 104, 216, 109, 96, 243, 108, 249, 159, 12, 66, 253, 52, 146, 121, 211, 234, 229, 89, 133, 227, 167, 63, 188, 158, 191, 22, 219, 217, 228, 87, 51, 91, 106, 57, 226, 255, 9, 128, 4, 59, 19, 94, 116, 82, 50, 90, 169, 47, 233, 45, 62, 143, 44, 204, 55, 129, 69, 115, 244, 98, 95, 251, 65, 92, 193, 67, 43, 175, 38, 149, 162, 237, 16, 126, 178, 231, 1, 248, 29, 32, 154, 140, 111, 68, 117, 210, 182, 166, 254, 114, 240, 164, 225, 242, 141, 236, 7, 110, 174, 64, 25, 220, 10, 250, 157, 76, 206, 13, 252, 183, 170, 171, 205, 213, 112, 72, 100, 2, 235, 78, 54, 177, 14, 203, 209, 122, 127, 77, 153, 33, 42, 156, 60, 238, 168, 145, 139, 58, 200, 18, 201, 208, 86, 20, 131, 218, 118, 88, 84, 245, 123, 246, 214, 187, 247, 137, 176, 155, 241, 151, 75, 138, 105, 194, 26, 195, 79, 202, 190, 103, 232, 173, 31, 39, 80, 48, 221, 197, 40, 53, 172, 181, 85, 125, 15, 36, 46, 207, 30, 119, 186, 73, 130, 165, 124, 23, 28, 97, 150, 21, 239, 113, 35, 199, 192, 136, 27, 142, 17, 71, 196, 185, 163, 223, 56, 81, 49, 11, 70, 24, 61, 83, 102, 148, 5, 215, 222, 224
