# Final optimized S-box - COMPOSITE FITNESS WITH EARLY STOPPING
# Generated on: 2026-01-28T22:54:34.343
# Format: 16 values per line (256 total)

sbox = UInt8[
    142, 118, 195, 243, 113, 192,  27,  78, 198,  37,   8,  32, 220, 132, 248, 225,
    164,   3,   4, 175, 216, 174, 228, 171,  83, 217, 163,  19, 154, 249, 167,  72,
    149,  57, 104,  61,  98,  93, 116,  36,  85, 188, 180, 222, 123,  22, 100, 193,
    140,  69, 247,  96,  76,  43, 161,  21, 137,  77,  90,  84, 191, 187, 134,  68,
    131,  10,   0, 146, 207,  53,  65, 109,  34,  67, 119, 241,  49, 125, 135,  80,
    238,  16, 255,  64, 177,  73,  47, 150, 244, 212, 219, 231,  95, 151, 252, 106,
    166, 114,  91, 189,  55,  89,   7,  56,  33,  94, 143, 111, 254, 235, 159, 182,
    126, 108,  86, 152, 160, 105,  13, 232, 138, 230, 224, 211, 110,  51, 185, 157,
    196, 127,  14, 162,  15, 234,  42,  59, 209, 246, 203,   6,  82, 226,  63,  70,
    179, 176,  39,  92, 120, 200, 122, 253, 156, 206, 102,  99, 121,  18, 178, 112,
    158, 239, 172, 205,  31, 223,  74,  20,  66, 250, 155, 221,  52,  71, 124, 128,
      2,  46, 130, 245,  41, 184,  75,  28, 201,  48,  26, 117, 169, 136,  44, 186,
    147,  79, 199,  23, 107, 240, 168, 103,  30, 139,  11,  25,  29, 202, 165, 141,
      1,  40, 197, 213,  35, 170,  45, 148, 214,  38,   5, 251, 153, 115, 145, 218,
     12, 229, 242, 190, 129, 208,  88, 236,  87, 237, 233, 183,  24,  81, 101,   9,
    173,  60, 227, 215, 210,  97,  58, 181, 133, 144, 194,  17, 204,  62,  54,  50
]

# Comma-separated format:
142, 118, 195, 243, 113, 192, 27, 78, 198, 37, 8, 32, 220, 132, 248, 225, 164, 3, 4, 175, 216, 174, 228, 171, 83, 217, 163, 19, 154, 249, 167, 72, 149, 57, 104, 61, 98, 93, 116, 36, 85, 188, 180, 222, 123, 22, 100, 193, 140, 69, 247, 96, 76, 43, 161, 21, 137, 77, 90, 84, 191, 187, 134, 68, 131, 10, 0, 146, 207, 53, 65, 109, 34, 67, 119, 241, 49, 125, 135, 80, 238, 16, 255, 64, 177, 73, 47, 150, 244, 212, 219, 231, 95, 151, 252, 106, 166, 114, 91, 189, 55, 89, 7, 56, 33, 94, 143, 111, 254, 235, 159, 182, 126, 108, 86, 152, 160, 105, 13, 232, 138, 230, 224, 211, 110, 51, 185, 157, 196, 127, 14, 162, 15, 234, 42, 59, 209, 246, 203, 6, 82, 226, 63, 70, 179, 176, 39, 92, 120, 200, 122, 253, 156, 206, 102, 99, 121, 18, 178, 112, 158, 239, 172, 205, 31, 223, 74, 20, 66, 250, 155, 221, 52, 71, 124, 128, 2, 46, 130, 245, 41, 184, 75, 28, 201, 48, 26, 117, 169, 136, 44, 186, 147, 79, 199, 23, 107, 240, 168, 103, 30, 139, 11, 25, 29, 202, 165, 141, 1, 40, 197, 213, 35, 170, 45, 148, 214, 38, 5, 251, 153, 115, 145, 218, 12, 229, 242, 190, 129, 208, 88, 236, 87, 237, 233, 183, 24, 81, 101, 9, 173, 60, 227, 215, 210, 97, 58, 181, 133, 144, 194, 17, 204, 62, 54, 50
