# V3 Final S-box - TRIPLE SWAP KAPALI
# Generated on: 2026-01-21T21:17:25.867

sbox = UInt8[
     14,  45, 228, 106, 193, 121, 191, 219, 152,  71, 120,  83,  15, 249,  68, 200,
    251, 245,   7,  87, 104,  29, 150,  73,  43,  52, 215, 132,  91,  85,  35,  97,
    216, 194, 184, 206, 222,  18,  28, 241, 160, 108, 161, 181,  99, 110, 187, 114,
    254, 248,  44, 153,  19, 172, 198, 213,   1, 116,  81,  90,  32, 210,  63, 101,
    173, 195, 162,  57, 252,  39,  82, 239,   2,  98,  58,  50,  67,  69,  24,  64,
    207,  60, 229, 192, 109,  62, 100, 137, 186, 144, 138,  66, 218, 185,  21, 119,
    233, 190,  16, 242, 143, 117, 214, 240, 126,  72,   5,  92, 247, 221, 168, 159,
      4, 164, 148,  13,  80, 169, 180, 178, 158, 205,  41, 204, 246,  89, 142, 129,
    122, 235, 140, 231,  65, 170,  75, 182,  94,  42,  54,  51, 136, 102, 107, 203,
    208,  30,  34,  78,  37,  56,  20, 157, 103, 226,  59, 135,   9, 125, 146, 199,
    212,  74,  70,  53, 123, 124, 134,  22, 211, 147, 167, 179, 171, 196, 145, 177,
     88, 237, 105, 131,  96,  61,  79, 141, 230,   0,  10,  48,  86, 175, 201, 166,
    189, 253, 156, 220, 234,  84, 224, 115,   8,  76, 165, 188, 243, 174,  27,   3,
    113, 154,  49, 151,  40, 176,  47,  93, 163, 202,  46, 118, 238,  17,  36, 128,
    232, 250, 155,  11, 236, 255, 139,  95, 133,  23,  25,  33, 183, 209, 227, 244,
    130,  31,  26, 225, 112,  12, 197,  55, 223, 111, 127,  77,  38,   6, 217, 149
]
