# V3 Final S-box - TRIPLE SWAP KAPALI
# Generated on: 2026-01-20T11:26:25.437

sbox = UInt8[
     46,  73, 195, 243, 214, 237, 153, 235, 183, 161,   8, 199, 222, 180, 248,   6,
    134,   3,   4,  45, 142, 108, 244, 163,  83, 217, 150,  19, 154, 249,  28,  44,
    149,  80, 145,  61, 192,  93,  52, 167,  85,  82,  81, 221, 186, 240, 100, 174,
    140,  60, 247,  96,  76,  43,  37,  21, 151,  77,  90, 218,  39, 109,  15, 166,
    131,  10,   0, 146, 207,  53,  65, 200,  74,  67, 119, 148, 127, 125, 135,  49,
    178, 205, 255,  64, 177, 245, 187,  87, 220, 212, 219, 231,  95, 208, 252, 122,
     23,  18,  91, 171,  55,  89,   7, 121,   9,  94, 143, 111, 246, 156, 159,  27,
     58, 242,  86, 179, 160, 105,  29, 232, 138, 230, 110, 211, 224, 104, 185, 157,
    196,  24,  14,  50, 175, 139,  42,  59, 209, 124, 203, 225,  12, 226,  63,  70,
    152, 120,  99,  92, 176, 213, 216, 253, 169, 206, 126, 191, 155,  22, 229, 112,
    158, 129, 172,  16,  31,  68,  34,  20,  66, 250,  78, 137, 107,  84,   2, 201,
    114, 113, 130, 238,  41,  51,  75,  11,  47,  48,  56, 210, 170, 136, 117,  17,
    234, 188, 239, 241, 233, 223, 236, 103,  30, 184,  72,  25,  13, 202, 165, 141,
      1,  40, 197, 164,  35, 193, 128, 198, 106,  38,   5, 251, 182, 115, 147,  69,
     79,  36,  26, 190, 228,  32,  88, 168, 189,  98,  71, 116,  57, 132, 101,  33,
    254, 118, 227, 215, 173,  97, 102, 181, 133, 144, 194, 123, 204,  62,  54, 162
]
