# V3 Final S-box - TRIPLE SWAP KAPALI
# Generated on: 2026-01-21T09:49:44.532

sbox = UInt8[
    114, 168, 177, 116, 155,  52, 123,   0, 223, 226, 253,  30, 136, 221,  89, 232,
     62,  35, 246, 150,  71,  63, 245,  82,  27, 157, 112,  93, 161, 192, 149,  73,
    162, 108,  86,  14,  34, 173, 250, 146, 238, 153,  88, 122,  12, 237, 126, 125,
    210, 130,  38, 187, 205, 101, 207, 142,  57, 134, 175,  87, 121,  74,  78, 103,
    164, 184,  66, 109, 198,  83,   7, 215,  79,  39, 204, 236, 111,  61,  37, 160,
     45,  46,  22, 224, 107, 163, 169,  60, 186, 249, 158, 216, 120, 220,  21, 119,
    202, 231, 174, 104, 229,  53,  55, 166, 181, 240,  36, 132,  98, 140,  10, 206,
     19, 217, 218, 106,  25, 195, 117,  54,  51, 254, 145,  50, 148,  43, 171,  48,
     92,  76,  56,  97, 188,  44,  81, 156,  32,   6, 201, 138, 233, 247, 110, 194,
    225, 115,   5, 227, 159,  80,  67,  77,   9, 129, 200, 178, 135, 180,  70, 203,
    228, 239,  18, 124, 211,  26,  59, 154, 213, 141,   3, 235, 182,  31, 131,  23,
     17,  16, 252, 209, 170,  20,   1,  15,  64,  75, 241,   4, 113,  47, 189,  65,
     95, 118, 248,  99, 137,  91, 243, 105, 193, 242,  72, 199,  11, 127, 133, 219,
    179, 165, 139, 176, 128,  58, 100, 185, 143,   2, 191,  96, 197,  24, 222,  90,
    214,  84, 183, 172, 230,  29,  94, 196,  85,  28,  49,  13,  33, 144, 190,  42,
    167, 152, 251, 102, 147, 212, 208,  40,  68, 244,   8,  69, 151, 234, 255,  41
]
