# V5 Final S-box - GUIDED SWAP KAPALI
# Generated on: 2026-01-20T10:22:20.324

sbox = UInt8[
    197, 113, 111, 155,  39,   7, 214, 129, 253, 194, 230, 189, 184, 212, 160, 181,
    117, 188, 126,  46,  79, 248,  83, 242,   0, 202, 213, 244,  19,  41,  28, 207,
     18,  21,  30, 246,  37, 204,  15, 164,  53,  26, 103,  93, 172, 215,  68, 203,
    163,   9, 162, 211, 115, 133, 128,  69, 234, 137,  32, 146,  29, 238, 161, 169,
    119, 125,  36,  56, 158,  71, 182, 232,  61, 219, 239, 195, 236,  12, 250, 235,
     48,  25, 167,  17,  43, 186, 201,  62,  64,   3,  63,  38, 228, 222,  99,  76,
    206, 135, 107, 102, 252, 251, 254,  51,  20,  22, 174,  59,  60, 106,  35,  72,
     11,  95,  91,  85,  73,  54,  98, 134,  45, 139, 216,  27,  23, 199, 138, 150,
    165, 157, 178, 145, 245, 210, 109,  47,  31, 108,  80, 177, 205, 193, 123,  81,
    190,  97, 141, 224, 173,  14, 147, 112, 149, 209, 200, 156, 198, 154,  82,  67,
    229, 100, 179, 192, 168,   1,  49,  57,  65, 143, 114,  13,   5,   4, 233,  86,
    218,  50, 130,  24,  58, 191, 175, 208, 122, 196, 227, 223, 180,  66, 225,  74,
     88, 220,  10, 110, 226,  52,  77,  70, 231,  16, 153, 185, 152, 124, 136, 105,
     40,  44,  34, 240,   6,  87, 221,  90,  33, 116, 249, 255, 187, 142,   2, 104,
    247, 127, 241, 170,  75,  42,  89, 144,  96,  84, 183, 101, 243,  78, 132, 151,
     92, 176, 121, 237, 120,   8, 131, 140,  94,  55, 217, 159, 118, 171, 148, 166
]
