# V3 Final S-box - TRIPLE SWAP KAPALI
# Generated on: 2026-01-21T21:06:59.825

sbox = UInt8[
     14,  45, 228, 106, 247, 166, 193, 219,  88, 101, 120,  83, 146, 249,  73,  60,
    125, 245,   7,  87, 104,  86, 150,  11, 203,  16, 196, 132,  29, 217,  74,  97,
    216, 194, 184, 206, 222,  18, 248, 121, 160,  42, 161,  53,  99,  58, 187, 239,
    254,  22,  44, 153,  19, 172, 190,  54,   1, 114,  81,  90,   8, 142,  63,  76,
    137, 127, 162,  17, 140,  39, 202, 255, 178,  66, 110,  50,  67, 195, 108,  64,
    235,  57, 229, 192, 237,  62, 100,  21, 186, 145, 138,  98, 209, 242, 173, 119,
     40, 198,  65, 185, 143, 117, 214, 240, 126,  72,   5,  92, 215, 220, 168, 159,
      4, 164,  24,  13,  80, 169, 181, 182,  28,   0, 205, 252, 246, 236, 243, 129,
    122, 207,  89, 231, 200, 170,   3, 180,  94, 225,  84,  51, 136, 102, 115,  41,
    208,  30,  34,  78,  37,  56,  20, 157, 103, 226,  59, 135,   9,  93,  15, 199,
    212,  35,  70,  32,  77, 124, 134, 158, 250, 197, 167,   2, 171, 133,  23,  49,
    148, 241, 105, 131,  96, 188,  79, 141, 112, 224,  10,  48,  91, 175,  46, 109,
    189, 253, 156, 221, 234, 213,  43, 107, 179,  71, 165,  61,  75, 174, 251,  27,
    113, 154, 147, 151, 233, 176,  47, 210, 163,  52, 201, 118, 238,  31,  36, 128,
    232, 211, 155,  68, 204, 111, 139,  95,  85, 144,  25,  33, 183, 218, 227, 244,
    130, 123,  26, 152, 116,   6, 177,  55, 223, 230,  69,  82,  38,  12, 191, 149
]
