# Final optimized S-box - COMPOSITE FITNESS WITH EARLY STOPPING
# Generated on: 2026-02-01T16:22:42.544
# Format: 16 values per line (256 total)

sbox = UInt8[
     50,  45, 206, 186, 155, 165, 189, 217, 239, 226, 253,  30, 136, 221, 237, 139,
     62,  52, 246, 204,  71,  22, 245, 156, 175, 157, 147,  93, 240, 192, 146,  73,
    162,  60, 124,  14, 215, 173, 250, 144, 193, 127,  88, 122,  13, 174, 126, 125,
    210, 223,  38, 154, 201, 101, 207, 142,  25,  87,   7,  54,  80,  58, 107, 208,
    164, 184,  34, 248,   9, 251, 145, 232,  79, 128, 202, 236, 111, 151,  37, 160,
     47,  41,  82, 110,  18, 163, 169, 134, 116, 235, 158, 216,  57,  94,  21, 119,
    150, 231,  16, 104, 200,   3, 172,  66, 241, 161,  36, 132, 224, 140,  10, 181,
     19, 153, 109, 106, 120, 195, 166,  85,  51, 102,  27, 114, 115,  43, 112,  48,
    220,  76,  56,  39, 188,  44,  78,   0, 100,   6, 205, 138,  97, 255, 103, 194,
    225,  46, 148, 227, 159, 233,  67,  24, 198, 129,  74, 254, 135, 180,  70, 203,
    228, 117,  35,  86,  12,  64, 185, 187, 213, 141,  53, 249, 182,  31, 149,  23,
     17, 105, 252,  26, 170,  20,   1,  15, 197,  75, 177, 179, 113, 168, 123,  65,
     95, 118, 108,  99,  81, 219, 243, 218, 238, 242,  72, 199,  89, 152, 133,   5,
    183,  84, 143, 176, 229,  33,  32,  59,  55,  63, 191,  77, 209,  96, 222,   4,
    130, 121, 178,   2, 230,  29, 234, 196,  92,  28,  49,  83, 214, 131, 190,  42,
    167,  91, 211,  90, 171, 212,  98,  40,  68, 244,   8,  69,  61, 137, 247,  11
]

# Comma-separated format:
50, 45, 206, 186, 155, 165, 189, 217, 239, 226, 253, 30, 136, 221, 237, 139, 62, 52, 246, 204, 71, 22, 245, 156, 175, 157, 147, 93, 240, 192, 146, 73, 162, 60, 124, 14, 215, 173, 250, 144, 193, 127, 88, 122, 13, 174, 126, 125, 210, 223, 38, 154, 201, 101, 207, 142, 25, 87, 7, 54, 80, 58, 107, 208, 164, 184, 34, 248, 9, 251, 145, 232, 79, 128, 202, 236, 111, 151, 37, 160, 47, 41, 82, 110, 18, 163, 169, 134, 116, 235, 158, 216, 57, 94, 21, 119, 150, 231, 16, 104, 200, 3, 172, 66, 241, 161, 36, 132, 224, 140, 10, 181, 19, 153, 109, 106, 120, 195, 166, 85, 51, 102, 27, 114, 115, 43, 112, 48, 220, 76, 56, 39, 188, 44, 78, 0, 100, 6, 205, 138, 97, 255, 103, 194, 225, 46, 148, 227, 159, 233, 67, 24, 198, 129, 74, 254, 135, 180, 70, 203, 228, 117, 35, 86, 12, 64, 185, 187, 213, 141, 53, 249, 182, 31, 149, 23, 17, 105, 252, 26, 170, 20, 1, 15, 197, 75, 177, 179, 113, 168, 123, 65, 95, 118, 108, 99, 81, 219, 243, 218, 238, 242, 72, 199, 89, 152, 133, 5, 183, 84, 143, 176, 229, 33, 32, 59, 55, 63, 191, 77, 209, 96, 222, 4, 130, 121, 178, 2, 230, 29, 234, 196, 92, 28, 49, 83, 214, 131, 190, 42, 167, 91, 211, 90, 171, 212, 98, 40, 68, 244, 8, 69, 61, 137, 247, 11
