# V5 Final S-box - GUIDED SWAP KAPALI
# Generated on: 2026-01-20T11:18:06.018

sbox = UInt8[
    252, 160, 113, 167,  41,  61, 224, 142, 241, 196,   4, 244, 119, 139, 195, 123,
    178,  11, 192, 233,  79, 138, 227,  21,   8, 217, 220, 109, 210, 223, 136,  64,
    171,  38, 168, 102, 235, 147,  90,  85, 144, 137, 155, 202,  63, 181, 162,  73,
    116,  70,  86, 143,  52, 122,  59, 105, 185, 118,  62,  72, 211, 165, 140,  43,
     99, 218, 206,  37,  25, 250,  58, 251,  40, 101, 188,  18, 166, 254,  45, 231,
    170,  31, 103, 189,  19, 157,  71,  26, 121, 130, 226, 174,  83, 225, 203, 173,
    247,  94,  39, 182,  60, 152, 127,  95,   9,  42, 245,  49, 242, 183,  66,  57,
    255, 177, 159, 150,  29,  30,  10,  56, 128, 169,   2, 163,  51, 126,  13, 145,
    237,  77, 180, 212,  78,   3,  97, 204,   0,  28,  80, 209,  96,  50,  54,  69,
    131,  67,  15, 246,  23,  33, 191, 230, 115, 219,  24, 201, 239, 125,  75,  91,
     76, 153,  48, 133, 200, 243,  16, 214, 193,  65,  14,  44, 134, 207, 104, 148,
     47,  84, 221, 149, 197,  46, 184, 253,  81, 107, 141,   1, 232, 198,  88, 240,
    106, 222, 238, 208, 100,  92, 186,  68, 132, 236,  27,  20, 129, 117, 179,  55,
    110, 190, 158,  98, 124, 249,  35, 151,  32,  74, 175, 213,   6, 112, 161, 164,
    108, 248,   5, 172, 146, 154, 135,  34,  12, 187,   7, 216, 114,  53, 120, 229,
    156,  22, 215, 228, 194, 111,  87,  89,  82, 199,  36, 205,  93, 176,  17, 234
]
