# V5 Final S-box - GUIDED SWAP KAPALI
# Generated on: 2026-01-21T12:32:45.192

sbox = UInt8[
    182, 159, 195, 204, 158, 218, 186,   6, 113,  78,  86,  34,  61,  47, 239, 253,
    178, 232,  39, 173, 197,  20, 236, 134, 191, 140, 246,   2, 220, 149,  22, 157,
    167, 148, 207,  67, 118, 238,  46,  35, 152, 145, 143,  41, 177, 171, 142,  69,
    234, 247, 146, 116, 160, 231,  54,  80,   8,  31, 133,  51, 244, 209,  83, 213,
    101, 235, 199, 137, 243, 122, 174, 121, 108, 206, 151, 112, 240, 164, 172,  48,
    211, 106,  24, 109,  53, 120, 223,  65,  29,  70, 165, 162,   3,  91,  97,  43,
     63,  16, 225, 153,  10, 168, 217,  68,  87,   0, 190,  66, 128,  50, 187, 205,
     73,  92, 228, 252, 229,   1,  76, 184, 198, 135,  21, 237, 216, 117, 183,  38,
     52,  81,  13, 141,  11,  74, 130, 175, 196, 245, 166,  45,  30, 136, 233, 161,
    194, 107,  98,  59,  93, 156,  75, 105, 210, 132, 147, 201,  58, 102,  36, 139,
    221,  71,  72, 138, 119, 189, 180, 131,  37,  42,  95, 124,  14, 224,  27,  57,
     64,   9, 115,  12, 111, 155, 129,  82,  99,   5, 100,  17,  88, 150,  49, 125,
     62,  25,  56, 227, 242, 103, 214, 251,  77,  44, 212,   4,  94,  32,  15, 110,
    249, 123, 208, 144, 254, 248, 179,  79,  60,  23,  18, 250, 181, 163, 176,  19,
    169,   7,  85, 222, 192, 185, 193, 226, 170,  55,  26, 114, 255, 203, 202, 241,
    215, 230, 188, 126, 219,  96,  89, 154, 200,  90,  40,  28,  84,  33, 104, 127
]
