# Final optimized S-box - COMPOSITE FITNESS WITH EARLY STOPPING
# Generated on: 2026-02-01T21:49:40.060
# Format: 16 values per line (256 total)

sbox = UInt8[
    114, 168, 177, 103, 155, 171, 189, 219, 130, 250, 253,  30, 136, 221, 237, 226,
     62, 166, 246,  52,  71,  34, 245, 248, 132, 157,  48,  93, 254, 192, 149,  75,
    162, 108, 124,  14, 143, 173,  24, 212, 191, 125,  15, 122,  13, 135, 126, 224,
    210, 223,  38,  35, 201, 101, 207,  10,  90, 158, 255,  87, 112, 215,  67, 208,
    164, 184,  60, 109,   9,  83, 145,  25,  17,  94, 202, 236, 111, 123,  37, 160,
    174,  41,  22, 127, 154, 169, 161, 225, 186, 235, 139, 216, 120,  81,  21, 119,
    204, 231,  89, 104,  23,   3, 172, 150, 163,  96, 178, 131,  98, 140,  73, 206,
     19, 217, 203, 105,  57, 195,   2,  58, 233, 107,   7,  51, 115,  43,  47,  50,
     92,  76,  56, 121, 188,  44, 116, 167, 100,   6, 205, 138, 240, 181, 117, 194,
    211,  46,   5, 227,  27,  80,  97,  79, 230, 153, 200, 156, 133,  36,  70, 234,
     45, 239, 110,  86,  66, 209, 185, 187, 213, 141,  53, 249, 182,  31, 251, 128,
    193,  16, 252,  54, 170,  20,   1, 165,  64,  77, 243,  88, 113, 175,  61, 129,
     95, 118,  82,  99, 144,  91, 241, 106, 238, 242,  72,  33,   4,  65, 180,   0,
    179,  84, 134, 176, 229, 199,  32,  59,  18,  63,  55, 196, 197,  26, 222,  74,
    214,  78, 183, 159, 228,  29, 232, 198,  85,  28,  49,  12, 137, 146, 190,  42,
    142, 152, 148, 102, 147, 220,  39,  40,  68, 244,   8,  69, 151, 218, 247,  11
]

# Comma-separated format:
114, 168, 177, 103, 155, 171, 189, 219, 130, 250, 253, 30, 136, 221, 237, 226, 62, 166, 246, 52, 71, 34, 245, 248, 132, 157, 48, 93, 254, 192, 149, 75, 162, 108, 124, 14, 143, 173, 24, 212, 191, 125, 15, 122, 13, 135, 126, 224, 210, 223, 38, 35, 201, 101, 207, 10, 90, 158, 255, 87, 112, 215, 67, 208, 164, 184, 60, 109, 9, 83, 145, 25, 17, 94, 202, 236, 111, 123, 37, 160, 174, 41, 22, 127, 154, 169, 161, 225, 186, 235, 139, 216, 120, 81, 21, 119, 204, 231, 89, 104, 23, 3, 172, 150, 163, 96, 178, 131, 98, 140, 73, 206, 19, 217, 203, 105, 57, 195, 2, 58, 233, 107, 7, 51, 115, 43, 47, 50, 92, 76, 56, 121, 188, 44, 116, 167, 100, 6, 205, 138, 240, 181, 117, 194, 211, 46, 5, 227, 27, 80, 97, 79, 230, 153, 200, 156, 133, 36, 70, 234, 45, 239, 110, 86, 66, 209, 185, 187, 213, 141, 53, 249, 182, 31, 251, 128, 193, 16, 252, 54, 170, 20, 1, 165, 64, 77, 243, 88, 113, 175, 61, 129, 95, 118, 82, 99, 144, 91, 241, 106, 238, 242, 72, 33, 4, 65, 180, 0, 179, 84, 134, 176, 229, 199, 32, 59, 18, 63, 55, 196, 197, 26, 222, 74, 214, 78, 183, 159, 228, 29, 232, 198, 85, 28, 49, 12, 137, 146, 190, 42, 142, 152, 148, 102, 147, 220, 39, 40, 68, 244, 8, 69, 151, 218, 247, 11
