# Final optimized S-box - COMPOSITE FITNESS WITH EARLY STOPPING
# Generated on: 2026-01-30T09:00:24.374
# Format: 16 values per line (256 total)

sbox = UInt8[
    105, 130, 214, 129,  26, 235,  21,  91,  46, 248, 151,  44,  84, 211, 207, 255,
    127,  55,  72,  14, 125, 216,  53, 137, 232, 112, 222,  59, 231, 221, 252, 158,
    120,   0, 118,  93,  41, 178,  28, 183, 188, 171,  71, 170,  51, 203,  52, 126,
    172,  60, 224, 175, 167,  79,  29,  30, 143, 173,  45,  27,  54, 185, 247, 186,
     92, 113,  99, 140, 205, 243,  12,  31, 149, 179, 136,  78,  22, 223, 208,  34,
    108,  16, 210,  96, 254,  32,   3,  69, 177, 124, 145, 230,  85, 200,   4,  98,
    128, 192, 122, 237,  25, 115,  87,  90, 215,  88,   9,  13, 250, 236,  94, 201,
     39, 234,  82,  57, 212, 156,  74,   7, 117, 100, 251, 219,  89,  81, 132, 163,
    114, 141, 142,  38,  86, 241, 196,  61,  35,  70,  77, 220,  83,  17,  18, 226,
    162, 217,  58,   1, 109, 184, 169,  97,  67, 148, 107, 153, 135, 176, 204, 111,
     47,   8, 155, 144, 138, 228, 116,  11, 191, 182, 180, 110, 253, 102,  56,  64,
    131, 206, 159, 195,  20, 233, 229, 147,  68, 249, 209, 197, 166, 239, 150,  36,
     10, 225,  19,  15,  73, 119, 152, 101, 174, 198, 139,  63, 246,  23, 123, 103,
    218, 161, 190, 121, 168, 242, 146, 164,  66,  40,  50,  43, 227, 240,  65, 245,
     80,   6, 165,  48, 134,   5,  75, 194, 187, 202, 160, 244,  49,  95, 157,  24,
     76, 104, 238, 154,  37, 181, 199,   2, 213,  62, 106,  33,  42, 133, 193, 189
]

# Comma-separated format:
105, 130, 214, 129, 26, 235, 21, 91, 46, 248, 151, 44, 84, 211, 207, 255, 127, 55, 72, 14, 125, 216, 53, 137, 232, 112, 222, 59, 231, 221, 252, 158, 120, 0, 118, 93, 41, 178, 28, 183, 188, 171, 71, 170, 51, 203, 52, 126, 172, 60, 224, 175, 167, 79, 29, 30, 143, 173, 45, 27, 54, 185, 247, 186, 92, 113, 99, 140, 205, 243, 12, 31, 149, 179, 136, 78, 22, 223, 208, 34, 108, 16, 210, 96, 254, 32, 3, 69, 177, 124, 145, 230, 85, 200, 4, 98, 128, 192, 122, 237, 25, 115, 87, 90, 215, 88, 9, 13, 250, 236, 94, 201, 39, 234, 82, 57, 212, 156, 74, 7, 117, 100, 251, 219, 89, 81, 132, 163, 114, 141, 142, 38, 86, 241, 196, 61, 35, 70, 77, 220, 83, 17, 18, 226, 162, 217, 58, 1, 109, 184, 169, 97, 67, 148, 107, 153, 135, 176, 204, 111, 47, 8, 155, 144, 138, 228, 116, 11, 191, 182, 180, 110, 253, 102, 56, 64, 131, 206, 159, 195, 20, 233, 229, 147, 68, 249, 209, 197, 166, 239, 150, 36, 10, 225, 19, 15, 73, 119, 152, 101, 174, 198, 139, 63, 246, 23, 123, 103, 218, 161, 190, 121, 168, 242, 146, 164, 66, 40, 50, 43, 227, 240, 65, 245, 80, 6, 165, 48, 134, 5, 75, 194, 187, 202, 160, 244, 49, 95, 157, 24, 76, 104, 238, 154, 37, 181, 199, 2, 213, 62, 106, 33, 42, 133, 193, 189
