# Final optimized S-box - COMPOSITE FITNESS WITH EARLY STOPPING
# Generated on: 2026-02-01T10:08:49.795
# Format: 16 values per line (256 total)

sbox = UInt8[
    114, 168, 177, 116, 155, 173, 189, 219, 132, 226, 253,  30, 136,  78, 237, 232,
      6,  52, 246, 150,  71,   2, 245, 248, 138, 153,  53,  93, 210, 192, 149, 251,
    162, 108, 124,  14,  23,  82, 250, 144, 193, 129, 220, 122,  35, 215, 126, 125,
    244, 223,  38, 154, 130, 101, 201, 202,  25, 134, 175,  87, 221,  74, 107, 208,
    164, 184,  60,  32,   9,  68, 185,   0,  79,  94,  56, 135,  97,  57,  37, 160,
     45, 112,  22, 224,  70, 163, 161,  66, 186,   5, 140, 216, 204, 111,  21, 119,
    120, 231,  89, 104, 128,  15, 172,  96, 181, 169,  36, 207, 241, 157,  10, 206,
     19, 217, 218, 106, 145, 131, 166, 203,  51, 254,   3,  50, 115,  43, 171,  48,
     92,  76,  58, 151, 188,  44,  39, 156, 209,  62, 205,  11, 109, 239, 110, 194,
    225,  46,  81, 255, 159,  80,  67,  77, 198, 117, 200, 178, 143, 165,  13, 195,
    228, 227, 174,  86, 211,  28,  61, 187, 213, 141,  41, 249, 182,  31, 199, 242,
     17, 158, 240,  26, 170,  20,   1,   7,  64,  75,   4,  98, 113,  47, 123,  65,
     95, 118,  88,  99, 235,  91, 243, 105, 238,  34,  72, 102, 148,  16, 180, 236,
    179,  84, 139,  54, 229,  33, 176,  59,  18, 167, 191,  69,  42,  24, 222,  90,
     29, 233, 183,  55, 247, 214, 137, 196,  85, 100,  49,  83, 133, 146, 190, 197,
     73, 152,  63, 142, 147, 212, 103,  40,  12, 252,   8, 127, 121, 234, 230,  27
]

# Comma-separated format:
114, 168, 177, 116, 155, 173, 189, 219, 132, 226, 253, 30, 136, 78, 237, 232, 6, 52, 246, 150, 71, 2, 245, 248, 138, 153, 53, 93, 210, 192, 149, 251, 162, 108, 124, 14, 23, 82, 250, 144, 193, 129, 220, 122, 35, 215, 126, 125, 244, 223, 38, 154, 130, 101, 201, 202, 25, 134, 175, 87, 221, 74, 107, 208, 164, 184, 60, 32, 9, 68, 185, 0, 79, 94, 56, 135, 97, 57, 37, 160, 45, 112, 22, 224, 70, 163, 161, 66, 186, 5, 140, 216, 204, 111, 21, 119, 120, 231, 89, 104, 128, 15, 172, 96, 181, 169, 36, 207, 241, 157, 10, 206, 19, 217, 218, 106, 145, 131, 166, 203, 51, 254, 3, 50, 115, 43, 171, 48, 92, 76, 58, 151, 188, 44, 39, 156, 209, 62, 205, 11, 109, 239, 110, 194, 225, 46, 81, 255, 159, 80, 67, 77, 198, 117, 200, 178, 143, 165, 13, 195, 228, 227, 174, 86, 211, 28, 61, 187, 213, 141, 41, 249, 182, 31, 199, 242, 17, 158, 240, 26, 170, 20, 1, 7, 64, 75, 4, 98, 113, 47, 123, 65, 95, 118, 88, 99, 235, 91, 243, 105, 238, 34, 72, 102, 148, 16, 180, 236, 179, 84, 139, 54, 229, 33, 176, 59, 18, 167, 191, 69, 42, 24, 222, 90, 29, 233, 183, 55, 247, 214, 137, 196, 85, 100, 49, 83, 133, 146, 190, 197, 73, 152, 63, 142, 147, 212, 103, 40, 12, 252, 8, 127, 121, 234, 230, 27
