# Final optimized S-box - COMPOSITE FITNESS WITH EARLY STOPPING
# Generated on: 2026-01-29T13:09:46.645
# Format: 16 values per line (256 total)

sbox = UInt8[
    130, 149, 125,  72,  31, 153, 134,  21,  38, 132,   8,  34,  99,  37, 184, 139,
    160, 152,   0,  74, 120, 198, 202,  93,  66,   6, 147, 196, 104, 206, 109,  96,
    113, 108,  77, 159,  12,  64,  42,   5, 146, 246, 133, 128, 244, 233,  87, 227,
    183, 248,  32, 123, 191,  22, 116, 151,   7,  70,  51, 189, 215, 103, 226, 177,
      9, 162,   4,  59,  19, 234, 219,  82,  50,  90,  65,  10,   2,  45, 118,  95,
     44, 204, 216, 129,  89,  52,  69,  98, 135, 209, 175,  92, 225, 211,  41, 143,
    230, 188, 217, 124,  67, 126, 178, 231, 203, 115,  29,  56,  94, 165, 111, 169,
    180, 210, 254, 166,  30, 150, 240, 164,   1, 242, 141,  75,  68, 237, 174,  73,
     25, 220, 158, 250,  24, 214, 157,  13, 252,  11, 144, 171, 122, 114, 112, 185,
    100, 251, 235,  78,  54,  76, 156, 228, 195, 205, 127, 249,  57,  33,  14, 253,
     60, 238, 173, 145,  39,  58, 200,  91, 138, 208, 121, 193,  20, 218,  53,  88,
     84, 245, 154,  16, 243, 187, 247, 137, 179, 155, 241,  63, 229, 131, 105, 239,
     26, 194,  79, 224, 190, 101, 232,  43, 107, 212,  40,  48, 221, 197,  47,  35,
    172, 181, 136,  85,  15,  36,  46, 201,  62, 119,  55,  18, 170, 140, 110,  23,
     28,  97, 176,  86, 236, 207, 182, 199, 106, 192, 148, 142,  17,  71, 117, 161,
    163, 223, 168,   3,  49, 167,  83, 255,  61,  80, 102,  27, 213, 186, 222,  81
]

# Comma-separated format:
130, 149, 125, 72, 31, 153, 134, 21, 38, 132, 8, 34, 99, 37, 184, 139, 160, 152, 0, 74, 120, 198, 202, 93, 66, 6, 147, 196, 104, 206, 109, 96, 113, 108, 77, 159, 12, 64, 42, 5, 146, 246, 133, 128, 244, 233, 87, 227, 183, 248, 32, 123, 191, 22, 116, 151, 7, 70, 51, 189, 215, 103, 226, 177, 9, 162, 4, 59, 19, 234, 219, 82, 50, 90, 65, 10, 2, 45, 118, 95, 44, 204, 216, 129, 89, 52, 69, 98, 135, 209, 175, 92, 225, 211, 41, 143, 230, 188, 217, 124, 67, 126, 178, 231, 203, 115, 29, 56, 94, 165, 111, 169, 180, 210, 254, 166, 30, 150, 240, 164, 1, 242, 141, 75, 68, 237, 174, 73, 25, 220, 158, 250, 24, 214, 157, 13, 252, 11, 144, 171, 122, 114, 112, 185, 100, 251, 235, 78, 54, 76, 156, 228, 195, 205, 127, 249, 57, 33, 14, 253, 60, 238, 173, 145, 39, 58, 200, 91, 138, 208, 121, 193, 20, 218, 53, 88, 84, 245, 154, 16, 243, 187, 247, 137, 179, 155, 241, 63, 229, 131, 105, 239, 26, 194, 79, 224, 190, 101, 232, 43, 107, 212, 40, 48, 221, 197, 47, 35, 172, 181, 136, 85, 15, 36, 46, 201, 62, 119, 55, 18, 170, 140, 110, 23, 28, 97, 176, 86, 236, 207, 182, 199, 106, 192, 148, 142, 17, 71, 117, 161, 163, 223, 168, 3, 49, 167, 83, 255, 61, 80, 102, 27, 213, 186, 222, 81
