# Final optimized S-box - COMPOSITE FITNESS WITH EARLY STOPPING
# Generated on: 2026-01-29T16:04:17.035
# Format: 16 values per line (256 total)

sbox = UInt8[
    105, 130,  98, 129,  26, 235,  21, 218,  63, 248, 151,  44,  84, 211, 205, 207,
    127,  55,  40,  14, 125, 216,  53, 137, 232, 112, 222,  59, 231, 221, 252, 158,
    120,   0, 122,  93,  41, 178,   4, 183, 188, 171,  71, 170,  51, 239,  52, 118,
    192,  60, 224,  46, 167,  79,  29,  30, 143, 173,  45,  27,  54, 184, 247, 186,
     92, 113,  99, 153, 123, 243,  12,  31, 149, 179, 136,  78,  22, 223, 212,  34,
    108, 228, 210,  96, 254,  32,   3,  69, 177, 124, 145, 230,  85, 200,  11, 146,
    128, 196, 126, 237,  25, 115,  87,  90, 215,  88,   9,  13, 250, 172,  94, 201,
     39, 234,  82,  57, 220, 142,  74,   7, 117, 100, 251, 219,  89,  81, 132, 163,
    114, 133, 164,  38,  86, 241,  16,  61,  35, 213,  77, 208,  83,  17,  18, 226,
    162, 217,  58,   1, 109, 168, 169,  97,  67, 148, 107, 185, 135, 176, 204, 111,
     47,   8, 155, 144, 138, 236, 116,  28, 191, 182, 180, 110, 253, 102,  56,  64,
    131, 206, 159, 195,  20, 233, 229, 147,  68, 249, 209, 197, 166, 203, 150,  36,
     10, 225,  19,  15,  73, 119, 152, 101, 174, 198, 139, 190, 246,  23, 255, 103,
    202, 161, 154, 121, 140, 242, 214, 156,  66, 104,  50,  43, 227, 240,  65, 245,
     80,   6, 165,  48, 134,   5,  75, 194, 187,  91, 160, 244,  49,  95, 157,  24,
     76,  72, 238, 175,  37, 181, 199,   2,  70,  62, 106,  33,  42, 141, 193, 189
]

# Comma-separated format:
105, 130, 98, 129, 26, 235, 21, 218, 63, 248, 151, 44, 84, 211, 205, 207, 127, 55, 40, 14, 125, 216, 53, 137, 232, 112, 222, 59, 231, 221, 252, 158, 120, 0, 122, 93, 41, 178, 4, 183, 188, 171, 71, 170, 51, 239, 52, 118, 192, 60, 224, 46, 167, 79, 29, 30, 143, 173, 45, 27, 54, 184, 247, 186, 92, 113, 99, 153, 123, 243, 12, 31, 149, 179, 136, 78, 22, 223, 212, 34, 108, 228, 210, 96, 254, 32, 3, 69, 177, 124, 145, 230, 85, 200, 11, 146, 128, 196, 126, 237, 25, 115, 87, 90, 215, 88, 9, 13, 250, 172, 94, 201, 39, 234, 82, 57, 220, 142, 74, 7, 117, 100, 251, 219, 89, 81, 132, 163, 114, 133, 164, 38, 86, 241, 16, 61, 35, 213, 77, 208, 83, 17, 18, 226, 162, 217, 58, 1, 109, 168, 169, 97, 67, 148, 107, 185, 135, 176, 204, 111, 47, 8, 155, 144, 138, 236, 116, 28, 191, 182, 180, 110, 253, 102, 56, 64, 131, 206, 159, 195, 20, 233, 229, 147, 68, 249, 209, 197, 166, 203, 150, 36, 10, 225, 19, 15, 73, 119, 152, 101, 174, 198, 139, 190, 246, 23, 255, 103, 202, 161, 154, 121, 140, 242, 214, 156, 66, 104, 50, 43, 227, 240, 65, 245, 80, 6, 165, 48, 134, 5, 75, 194, 187, 91, 160, 244, 49, 95, 157, 24, 76, 72, 238, 175, 37, 181, 199, 2, 70, 62, 106, 33, 42, 141, 193, 189
