# Final optimized S-box - COMPOSITE FITNESS WITH EARLY STOPPING
# Generated on: 2026-01-29T21:36:11.772
# Format: 16 values per line (256 total)

sbox = UInt8[
    198, 130, 214, 129,  26, 235,  43,  91,  46, 248, 229,  44,  84, 211, 207, 255,
    127,  55, 172,  14, 125, 200,  21, 137, 232, 112, 222,  59, 231, 221, 252, 158,
    120,   0, 122,  93,  41, 178,   4, 183, 188, 171,  71, 170,  51, 239,  52, 118,
     40,  60, 224, 175, 167,  79,  25,  30, 143, 173,  45,  27,  54, 185, 247, 186,
     92, 113,  99, 184, 204, 243,  12,  31, 149, 179, 136,  75,  22, 223, 212,  34,
    108,  28, 210,  96, 254,  32,   3,  69, 177, 116, 145, 230,  85,  88,  17, 103,
    128, 192, 126, 237,  63, 115,  87,  90, 215, 205,   9,  13, 250, 203,  94, 201,
     39, 234,  82,  57, 220, 142,  74, 151, 117, 100, 251, 219,  83,  81, 132, 163,
    114, 133, 164,  38,  89, 241, 228,  61,  35,  70,  77, 208,  86,  16,  18, 226,
    162, 217,  58,   1, 109, 168, 169,  97,  67, 148, 107, 153, 135, 176, 206, 111,
     47,   8, 155, 144, 216, 236, 245,  11, 191, 182, 180, 110, 253,  98,  56,  64,
    131, 138, 159, 195,  20, 202,   7, 147,  68, 249, 209, 197, 166, 105, 150,  36,
     10, 225,  19,  15,  73, 119, 152, 101, 174, 196, 139,  29, 246,  23, 123, 102,
    218, 161, 190, 121, 140, 242, 146, 156,  66, 104,  50,  53, 227, 240,  65, 124,
     80,   6, 165,  48, 134,   5, 106, 194, 187,  78, 160, 244,  49,  95, 157,  24,
     76,  72, 238, 154,  37, 181, 199,   2, 213,  62, 233,  33,  42, 141, 193, 189
]

# Comma-separated format:
198, 130, 214, 129, 26, 235, 43, 91, 46, 248, 229, 44, 84, 211, 207, 255, 127, 55, 172, 14, 125, 200, 21, 137, 232, 112, 222, 59, 231, 221, 252, 158, 120, 0, 122, 93, 41, 178, 4, 183, 188, 171, 71, 170, 51, 239, 52, 118, 40, 60, 224, 175, 167, 79, 25, 30, 143, 173, 45, 27, 54, 185, 247, 186, 92, 113, 99, 184, 204, 243, 12, 31, 149, 179, 136, 75, 22, 223, 212, 34, 108, 28, 210, 96, 254, 32, 3, 69, 177, 116, 145, 230, 85, 88, 17, 103, 128, 192, 126, 237, 63, 115, 87, 90, 215, 205, 9, 13, 250, 203, 94, 201, 39, 234, 82, 57, 220, 142, 74, 151, 117, 100, 251, 219, 83, 81, 132, 163, 114, 133, 164, 38, 89, 241, 228, 61, 35, 70, 77, 208, 86, 16, 18, 226, 162, 217, 58, 1, 109, 168, 169, 97, 67, 148, 107, 153, 135, 176, 206, 111, 47, 8, 155, 144, 216, 236, 245, 11, 191, 182, 180, 110, 253, 98, 56, 64, 131, 138, 159, 195, 20, 202, 7, 147, 68, 249, 209, 197, 166, 105, 150, 36, 10, 225, 19, 15, 73, 119, 152, 101, 174, 196, 139, 29, 246, 23, 123, 102, 218, 161, 190, 121, 140, 242, 146, 156, 66, 104, 50, 53, 227, 240, 65, 124, 80, 6, 165, 48, 134, 5, 106, 194, 187, 78, 160, 244, 49, 95, 157, 24, 76, 72, 238, 154, 37, 181, 199, 2, 213, 62, 233, 33, 42, 141, 193, 189
