# V5 Final S-box - GUIDED SWAP KAPALI
# Generated on: 2026-01-20T19:26:35.537

sbox = UInt8[
    236, 255,  89, 147, 189,  29,  16,  33, 194,  36, 134, 249, 110,  76, 136,   3,
     90, 201, 123, 168, 117,  79,  54,  45,  17, 107, 224,  94,  14,  28, 120, 113,
    230,  92,  73,  69,  77, 254, 143, 207, 217,  25,  34, 233,  38, 193, 153,  70,
     53,  31,  63, 112, 244, 212,  47,  37, 152, 160, 125, 180, 138, 195,  22,  19,
    184,  82,  81,  48, 122, 126, 238,  75, 231,  35,  44, 234, 179,  83, 200, 205,
     59, 242, 121, 108, 155, 135,  46, 119, 145,  65, 132, 247,  18, 133,   8,  64,
    115,  24, 225, 215, 141, 102, 240, 181, 253,  27,  42, 131,  26, 223, 196, 109,
    146,  80,  13, 211,   5, 185,  99, 169, 124, 176, 214, 166,  10, 248,  87, 175,
    129,  51,  40, 241, 208, 154, 173,  20, 206, 150, 210,  78, 148,  12,   2, 245,
      4, 246, 164, 137, 114, 250, 170,  23, 128, 216, 156,  61, 197, 199, 213,  66,
     88,  68,  72, 174, 188,   1, 228, 178, 192, 161, 218,  43,  60,  67, 127,  39,
     96,   7, 222, 232, 171, 130, 209,  71, 167,   9, 229, 202, 187,  57, 163,  58,
     97,  56,   0, 157,  74, 101,  50, 111, 191, 104,  98, 100, 172,  21, 158, 140,
    227,  95,  91,  41, 220,   6,  86, 239, 142,  11,  55, 116, 198,  30, 204, 151,
     93, 103, 251, 149, 226, 186, 118,  62, 237,  84, 162, 165, 243, 106, 219, 177,
     15, 252, 139, 235,  49,  32, 159, 190,  52, 183,  85, 221, 105, 203, 144, 182
]
