# Final optimized S-box - COMPOSITE FITNESS WITH EARLY STOPPING
# Generated on: 2026-02-03T20:49:50.297
# Format: 16 values per line (256 total)

sbox = UInt8[
    114, 168, 177,  52, 155, 165, 112,  64, 130, 232, 253,  30, 136, 149, 143,  97,
     62, 180, 208, 189,  71, 205, 228, 248,  27, 157,  76,  93, 240,   2, 167,  73,
    153, 108, 124,  40,  50, 173, 250, 144, 229, 127,  88, 170,  13, 174, 126, 162,
    210, 223,  38, 154, 224, 101, 207, 142,  25, 236, 175,  87, 161,  74, 107, 238,
    164,  41,  60, 109,   9,  82, 145,  12,  79,  94, 202, 237, 111, 116,  37, 160,
     45, 120,  22, 226,  35, 163, 169,  66, 186, 235, 158, 216,  81, 245,  21, 119,
    204, 231,  89, 104, 128,   3, 134, 166, 181,  63,  36,  23,  98, 140,  10, 206,
    132, 217, 218, 106,  57, 195,  77,  58,  51, 220,   7, 201, 115,  43,  44,  48,
    146, 172,  56, 121, 188, 135,  39, 156, 100,   6,  32, 138, 182, 255, 110,   4,
    225,  46,   5,  99, 159,  80,  67,  54, 198, 129, 200, 178, 171,  61,  70, 203,
    227, 239,  47,  86,  83, 209, 185, 187, 213, 141,  49, 249, 150,  31, 125,  29,
     17,  16, 252,  26, 196,  20,   1,  15, 219,  75, 241, 215, 184, 103, 123,  11,
     95,  53, 211, 254, 113,  91, 243, 105, 246, 242,  72, 199, 148, 131, 118,  68,
    179,  84, 139,  14,  69,  33,  65,  59,  18, 233, 191,  96, 197,  24, 222,  90,
    214,  78, 183,  55, 230,  19, 137, 122, 133,  28, 117, 194, 193,  42, 190,  92,
    221, 152, 251, 102, 147, 212,  34,   0,  85, 244,   8, 176, 151, 234, 247, 192
]

# Comma-separated format:
114, 168, 177, 52, 155, 165, 112, 64, 130, 232, 253, 30, 136, 149, 143, 97, 62, 180, 208, 189, 71, 205, 228, 248, 27, 157, 76, 93, 240, 2, 167, 73, 153, 108, 124, 40, 50, 173, 250, 144, 229, 127, 88, 170, 13, 174, 126, 162, 210, 223, 38, 154, 224, 101, 207, 142, 25, 236, 175, 87, 161, 74, 107, 238, 164, 41, 60, 109, 9, 82, 145, 12, 79, 94, 202, 237, 111, 116, 37, 160, 45, 120, 22, 226, 35, 163, 169, 66, 186, 235, 158, 216, 81, 245, 21, 119, 204, 231, 89, 104, 128, 3, 134, 166, 181, 63, 36, 23, 98, 140, 10, 206, 132, 217, 218, 106, 57, 195, 77, 58, 51, 220, 7, 201, 115, 43, 44, 48, 146, 172, 56, 121, 188, 135, 39, 156, 100, 6, 32, 138, 182, 255, 110, 4, 225, 46, 5, 99, 159, 80, 67, 54, 198, 129, 200, 178, 171, 61, 70, 203, 227, 239, 47, 86, 83, 209, 185, 187, 213, 141, 49, 249, 150, 31, 125, 29, 17, 16, 252, 26, 196, 20, 1, 15, 219, 75, 241, 215, 184, 103, 123, 11, 95, 53, 211, 254, 113, 91, 243, 105, 246, 242, 72, 199, 148, 131, 118, 68, 179, 84, 139, 14, 69, 33, 65, 59, 18, 233, 191, 96, 197, 24, 222, 90, 214, 78, 183, 55, 230, 19, 137, 122, 133, 28, 117, 194, 193, 42, 190, 92, 221, 152, 251, 102, 147, 212, 34, 0, 85, 244, 8, 176, 151, 234, 247, 192
