# Final optimized S-box - COMPOSITE FITNESS WITH EARLY STOPPING
# Generated on: 2026-01-28T23:13:33.070
# Format: 16 values per line (256 total)

sbox = UInt8[
    142,  54, 195, 243, 216,  98,  27,  78, 183, 107,   8, 129, 222, 132, 248, 225,
    166,   3,   4, 117, 144, 174, 244,  87,  83, 217, 163,  19, 185, 249,  11, 175,
    149,  49, 145,  71, 192, 212, 116, 240,  85,  82, 180,  35, 186, 167, 100, 154,
     44,  69, 247, 208,  76,  43, 161,  21, 151,  77,  65,  84, 191, 201,  15, 164,
    131,  10, 255, 146, 207,  53, 122, 148, 242,  67,  63,  45,  24, 125, 135,  80,
    206, 205,   0,  64, 177,  73, 187, 150, 220, 221, 219, 231,  95, 199, 252,  90,
     23,  18,  91, 189,  16,  89,   7, 121,  33,  94, 143, 111, 210, 159, 140,  55,
    102, 108,   6, 152, 160, 105,  13, 232, 138, 173, 224, 211, 110,  51, 156,  38,
    196,  72,  14,  92, 126, 234,  42,  59, 209, 246, 213,  68,  31, 226, 109,  70,
    179, 176,  39, 162, 120, 200, 106, 253, 193, 170, 128,  99,  56,  22,  36, 112,
    158, 239, 172, 182, 101, 223,  74,  20,  66, 250, 155,  93, 245, 118,  96, 134,
    124, 113, 130, 238,  41,  34,  75,  32,  47,  48,  26, 114, 169, 136, 235,  17,
    204, 188, 228, 241, 203,  86, 168, 103,  30, 139, 184,  25,  29, 202, 165, 141,
      1,  40, 197, 233, 104, 178, 230, 198,  46,  60,   5, 251, 153, 115,  28, 218,
     12, 229, 127, 190,   2, 137,  88, 236, 171, 237,  61,  52,  57,  81,  79,   9,
    254, 157, 227, 215, 119,  97,  58, 181, 133, 214, 194, 123, 147,  62,  37,  50
]

# Comma-separated format:
142, 54, 195, 243, 216, 98, 27, 78, 183, 107, 8, 129, 222, 132, 248, 225, 166, 3, 4, 117, 144, 174, 244, 87, 83, 217, 163, 19, 185, 249, 11, 175, 149, 49, 145, 71, 192, 212, 116, 240, 85, 82, 180, 35, 186, 167, 100, 154, 44, 69, 247, 208, 76, 43, 161, 21, 151, 77, 65, 84, 191, 201, 15, 164, 131, 10, 255, 146, 207, 53, 122, 148, 242, 67, 63, 45, 24, 125, 135, 80, 206, 205, 0, 64, 177, 73, 187, 150, 220, 221, 219, 231, 95, 199, 252, 90, 23, 18, 91, 189, 16, 89, 7, 121, 33, 94, 143, 111, 210, 159, 140, 55, 102, 108, 6, 152, 160, 105, 13, 232, 138, 173, 224, 211, 110, 51, 156, 38, 196, 72, 14, 92, 126, 234, 42, 59, 209, 246, 213, 68, 31, 226, 109, 70, 179, 176, 39, 162, 120, 200, 106, 253, 193, 170, 128, 99, 56, 22, 36, 112, 158, 239, 172, 182, 101, 223, 74, 20, 66, 250, 155, 93, 245, 118, 96, 134, 124, 113, 130, 238, 41, 34, 75, 32, 47, 48, 26, 114, 169, 136, 235, 17, 204, 188, 228, 241, 203, 86, 168, 103, 30, 139, 184, 25, 29, 202, 165, 141, 1, 40, 197, 233, 104, 178, 230, 198, 46, 60, 5, 251, 153, 115, 28, 218, 12, 229, 127, 190, 2, 137, 88, 236, 171, 237, 61, 52, 57, 81, 79, 9, 254, 157, 227, 215, 119, 97, 58, 181, 133, 214, 194, 123, 147, 62, 37, 50
