# Final optimized S-box - COMPOSITE FITNESS WITH EARLY STOPPING
# Generated on: 2026-01-30T05:09:54.003
# Format: 16 values per line (256 total)

sbox = UInt8[
    132, 157, 161,  72,  95,   3, 230, 202, 150,  89,   8,  34,  99,  37, 212,   9,
    160, 152,   0, 210, 101, 198, 128,  93, 218, 226,  56,  10, 164, 216, 109,  96,
    243, 166, 249, 159,  12,  64,  65,  52, 146, 246, 211, 234, 224, 143,  83, 227,
    167,  63, 112, 158, 191,   1, 219, 149, 228, 253,  27, 232, 106, 104, 240, 204,
      7, 162,   4,  35,  19,  16, 116, 108,  32, 237, 169, 154,  69,  45,  62, 220,
     41, 205,  55, 129, 163, 115, 244,  50, 135, 251,  87,  92,  67,  31,  43, 175,
     38, 197, 179,  29, 133, 126, 178,  44, 124, 248,  60, 145, 140, 156, 172, 193,
     25, 196,  57,  82, 233, 114, 170, 183, 225, 242, 141, 236,  68, 229,  90,  73,
    180,   2,  42, 250, 207, 255, 206,  13, 252, 182, 111, 171, 122, 217,  81,  59,
    100, 199, 130,  78,  54, 209, 174, 139, 200, 177, 127,  77, 137,  66,  74,  14,
     22, 238, 168, 203,  39,  58,  76,  91, 201, 184, 121,  20, 208,  33,  53,  88,
     84, 245, 123,  86, 214, 187, 247, 144, 176,  21, 241, 213,  75, 131, 105, 134,
     26,  70,  79, 138, 190, 103, 189, 173, 107, 221,  94,  48, 147, 155,  40,  18,
     51, 181,  85, 125,  15,  36,  47,   6,  30, 119, 215,  98, 153, 165, 110,  23,
     28,  97, 194,  49, 239, 113, 118, 254, 136, 192,  46, 142,  17,  71, 117, 231,
    235, 223, 188, 185, 151,  11, 195,  24,  61,  80, 102, 148,   5, 186, 222, 120
]

# Comma-separated format:
132, 157, 161, 72, 95, 3, 230, 202, 150, 89, 8, 34, 99, 37, 212, 9, 160, 152, 0, 210, 101, 198, 128, 93, 218, 226, 56, 10, 164, 216, 109, 96, 243, 166, 249, 159, 12, 64, 65, 52, 146, 246, 211, 234, 224, 143, 83, 227, 167, 63, 112, 158, 191, 1, 219, 149, 228, 253, 27, 232, 106, 104, 240, 204, 7, 162, 4, 35, 19, 16, 116, 108, 32, 237, 169, 154, 69, 45, 62, 220, 41, 205, 55, 129, 163, 115, 244, 50, 135, 251, 87, 92, 67, 31, 43, 175, 38, 197, 179, 29, 133, 126, 178, 44, 124, 248, 60, 145, 140, 156, 172, 193, 25, 196, 57, 82, 233, 114, 170, 183, 225, 242, 141, 236, 68, 229, 90, 73, 180, 2, 42, 250, 207, 255, 206, 13, 252, 182, 111, 171, 122, 217, 81, 59, 100, 199, 130, 78, 54, 209, 174, 139, 200, 177, 127, 77, 137, 66, 74, 14, 22, 238, 168, 203, 39, 58, 76, 91, 201, 184, 121, 20, 208, 33, 53, 88, 84, 245, 123, 86, 214, 187, 247, 144, 176, 21, 241, 213, 75, 131, 105, 134, 26, 70, 79, 138, 190, 103, 189, 173, 107, 221, 94, 48, 147, 155, 40, 18, 51, 181, 85, 125, 15, 36, 47, 6, 30, 119, 215, 98, 153, 165, 110, 23, 28, 97, 194, 49, 239, 113, 118, 254, 136, 192, 46, 142, 17, 71, 117, 231, 235, 223, 188, 185, 151, 11, 195, 24, 61, 80, 102, 148, 5, 186, 222, 120
