# V3 Final S-box - TRIPLE SWAP KAPALI
# Generated on: 2026-01-19T21:13:50.233

sbox = UInt8[
    142, 106,  99, 203, 192,  98, 222,  78, 183,  17, 226,  82, 184,  36, 248,  61,
    166,   3,  64,  45, 216, 221, 233,  87, 108, 217, 139, 234, 198, 189,  90,  67,
    186,  49,  73, 195, 210,  93, 116, 240,  85, 208, 180,  76, 249, 167, 100,  38,
    140,  69, 247, 207,  31, 101, 161,  21, 151,  92,  26,  84, 191, 119,  15, 164,
     35,  88,   0,   7, 181,  53,  65, 109,  34, 246,  68, 201, 129, 125, 135,  80,
    178, 205, 255,  96, 177, 218, 187,  30, 220, 212, 251, 231,  95, 199, 252, 122,
     23,  18,  91, 149,  55,  89, 146,  77,  33,  11, 155, 144, 219, 235, 159,  47,
    102,  25,  86, 152,  81, 105,  13, 232, 138, 230, 224, 211, 254,  51, 185, 174,
    196, 143,  14, 162, 127,  43,  42,  59, 209,  44, 243,   6,  79,  40,  63,  70,
    179, 153,  39, 121, 120, 200, 107, 253, 193, 206,  62,  71, 154, 130, 132, 112,
    158, 239,   9,  16, 163, 223,  74,  20,  66,  12, 213, 157, 245, 118, 242, 134,
    124, 113,  24, 147,  41,  27,  75,  28, 182,  48,  94, 114, 169, 136, 117,  37,
      2, 188, 228, 241, 244, 148, 168, 103, 150, 137,  72,  83,  29, 202, 165, 141,
      1,  10, 197, 175, 131, 170, 128,  56,  46, 190,   5, 214, 176, 115, 104, 145,
    250, 225,  60,  22,  97,  32,   8, 236, 171, 237, 229,  58,  57, 160,  19, 172,
    110, 238, 227, 215, 173,  52, 156,   4, 133, 111, 194, 123, 204, 126,  54,  50
]
