# V3 Final S-box - TRIPLE SWAP KAPALI
# Generated on: 2026-01-19T21:51:08.108

sbox = UInt8[
    144, 147, 161,  72,  31,   3,  40, 128, 190, 132,   8,  26,  99, 248, 184,   7,
    178, 152, 217,  74,  78, 198, 202,  89,  66,   6, 189, 196, 117, 216, 109,  96,
    108,  46, 249, 159,  12,  64, 253,  52, 186, 102, 211, 234, 229, 233,  83, 227,
    167, 165,  56, 158, 191,  14, 255, 118, 228, 123, 243, 157, 106,  57, 226,  69,
      9, 162,   4,  59,  49,  16, 185,  82,  80,  90, 193, 154, 177,  45,  62, 143,
     44, 236,  55, 129,  93, 115, 244,  98, 135, 251,  65,  92, 169, 155,  43, 175,
     38, 171, 138, 124, 133,  27, 160, 231, 224,  37,  28,  32, 172, 140, 111,  95,
    180, 210, 182, 166, 254, 114, 240, 164, 107, 242,  35,  51,  68, 121,  50,  73,
     25, 220, 149,  97, 207,  94, 206,  13, 252, 183, 141,  10, 122,   0, 112, 116,
    100,   2,  42, 101,  54,  76, 192, 139, 209, 205, 127,  77,  86,  33, 235,  79,
    156, 238, 168, 145,  39,  58, 200,   1, 148, 208, 237,  20, 195, 110,  53,  88,
     84, 245,  87,  63, 214, 187, 247, 137, 176,  67, 225, 213,  75, 131, 104, 194,
    105, 212, 153,  91, 134, 103, 232, 197, 241, 203, 219,  48,  60, 173, 230, 170,
     47, 181,  85, 125,  15, 204,  36, 179,  22, 119, 215,  18, 130,  30, 218,  23,
     29, 250, 150,  21, 239, 113, 151, 199, 136, 221, 126, 142,  17,  71,  34,  41,
    163, 223, 188,  81,  19,  11,  70,  24,  61, 174, 246, 201,   5, 146, 222, 120
]
