# Final optimized S-box - COMPOSITE FITNESS WITH EARLY STOPPING
# Generated on: 2026-01-29T21:01:14.126
# Format: 16 values per line (256 total)

sbox = UInt8[
    105, 130, 198, 129,  26, 208,  21,  91,  46, 248, 151,  60,  84, 211, 207, 255,
    127,  55,  40,  14, 125, 216,  53, 137, 232, 112, 222,  30, 231, 221, 252, 158,
    120,   0, 122,  93,  41, 178,   4, 183, 188, 171,  71, 170,  51, 239,  52, 118,
    192,  36, 195, 175, 167,  79,  29,  90, 143, 173,  45,  27,  54, 185, 247, 186,
     92, 113,  99, 184, 205, 243,  12,  31, 149, 179, 136,  78, 119, 223, 212,  34,
    108,  16, 210,  96, 254,  32,   3,  69, 177, 124, 145, 230,  85,  72,  28,  98,
    128, 196, 126, 237,  25, 115,  87,  59, 215,  88,   9,  13, 123, 235,  94, 201,
     39, 234,  82,  57, 220, 142,  74,   7, 117, 100, 251, 219,  89,  81, 132, 163,
    114, 133, 164, 182,  86, 241, 228,  61,  35,  70,  77, 172,  83,  17,  18, 226,
    162,  11,  58,   1, 109, 168, 169,  97,  67, 148, 107, 153, 135, 176, 204, 111,
    141,   8, 155, 144, 138, 236, 116, 189, 191, 134, 180, 110, 253, 102,  56, 214,
    131, 206, 159, 194,  20, 233, 229, 147,  68, 249, 209, 199, 166, 203, 150,  44,
     10, 225,  19,  15,  73,   5, 152, 101, 174,  64,  47,  63, 246,  23, 250, 103,
    218, 161, 190, 121, 140, 242, 146, 156,  66, 104,  50,  43, 227, 240,  65, 245,
     80,   6, 165,  48,  38,  22,  75, 224, 187, 202, 160, 244,  49,  95, 157,  24,
    200,  76, 238, 154,  37, 181, 197,   2, 213,  62, 106,  33,  42, 139, 193, 217
]

# Comma-separated format:
105, 130, 198, 129, 26, 208, 21, 91, 46, 248, 151, 60, 84, 211, 207, 255, 127, 55, 40, 14, 125, 216, 53, 137, 232, 112, 222, 30, 231, 221, 252, 158, 120, 0, 122, 93, 41, 178, 4, 183, 188, 171, 71, 170, 51, 239, 52, 118, 192, 36, 195, 175, 167, 79, 29, 90, 143, 173, 45, 27, 54, 185, 247, 186, 92, 113, 99, 184, 205, 243, 12, 31, 149, 179, 136, 78, 119, 223, 212, 34, 108, 16, 210, 96, 254, 32, 3, 69, 177, 124, 145, 230, 85, 72, 28, 98, 128, 196, 126, 237, 25, 115, 87, 59, 215, 88, 9, 13, 123, 235, 94, 201, 39, 234, 82, 57, 220, 142, 74, 7, 117, 100, 251, 219, 89, 81, 132, 163, 114, 133, 164, 182, 86, 241, 228, 61, 35, 70, 77, 172, 83, 17, 18, 226, 162, 11, 58, 1, 109, 168, 169, 97, 67, 148, 107, 153, 135, 176, 204, 111, 141, 8, 155, 144, 138, 236, 116, 189, 191, 134, 180, 110, 253, 102, 56, 214, 131, 206, 159, 194, 20, 233, 229, 147, 68, 249, 209, 199, 166, 203, 150, 44, 10, 225, 19, 15, 73, 5, 152, 101, 174, 64, 47, 63, 246, 23, 250, 103, 218, 161, 190, 121, 140, 242, 146, 156, 66, 104, 50, 43, 227, 240, 65, 245, 80, 6, 165, 48, 38, 22, 75, 224, 187, 202, 160, 244, 49, 95, 157, 24, 200, 76, 238, 154, 37, 181, 197, 2, 213, 62, 106, 33, 42, 139, 193, 217
