# Final optimized S-box - COMPOSITE FITNESS WITH EARLY STOPPING
# Generated on: 2026-01-29T11:29:35.784
# Format: 16 values per line (256 total)

sbox = UInt8[
    144, 214, 161,   0, 210,   3, 230, 128, 134, 132, 202,  34,  99,  37, 184,  23,
    160, 152, 110,  74, 101,  13, 153,  93,  66,   6, 147, 196, 189, 216, 178,  96,
    252, 108, 249, 159,  29,  64, 253,  52, 146,  92, 211,  78, 229, 233,  83, 227,
     56,  63,  32, 158, 242,  22, 219, 151, 174,  87,  51, 166, 106,  57, 226, 177,
    157, 162,  90,  59, 127,   4, 116, 239,  50,  16, 169, 154, 247,  45,  62, 143,
     44, 204,  55, 129,  89, 131, 103,  98, 135, 251,  65,  61, 193,  67,  43, 175,
     38, 149, 179, 124, 133, 126,  88, 231,   1, 248,  24, 167, 172, 140, 111,  95,
    180, 201, 182, 191, 254, 114, 218, 164, 205, 104, 141, 198,  68, 237,   7,  73,
     25, 220,  10, 250,   9, 225, 206, 236, 245, 183, 170, 171, 122, 217, 244, 185,
    100,   2, 235,  19,  54,  76, 156, 139, 209, 255,  18,  69,   8,  33,  42,  14,
     60, 238, 168, 145,  39, 120, 200,  91,  31, 208, 121,  20, 212, 192,  53, 109,
     84, 246, 223,  86, 207, 187,  77, 197, 176,  58, 241, 213,  75, 115, 105, 194,
     26, 130,  79, 224, 190,  82, 188, 173, 107, 203,  94,  48, 221, 137,  40,  35,
     47, 181,  85, 125,  15,  36,  46, 138, 228, 119, 215, 234, 195, 165, 155,  30,
     28,  97, 150,  21, 112, 113, 118, 199, 136, 240,  27, 142,  17,  71, 117,  41,
    163, 123, 232,  81,  49,  11,  70,  12, 243,  80, 102, 148,   5, 186, 222,  72
]

# Comma-separated format:
144, 214, 161, 0, 210, 3, 230, 128, 134, 132, 202, 34, 99, 37, 184, 23, 160, 152, 110, 74, 101, 13, 153, 93, 66, 6, 147, 196, 189, 216, 178, 96, 252, 108, 249, 159, 29, 64, 253, 52, 146, 92, 211, 78, 229, 233, 83, 227, 56, 63, 32, 158, 242, 22, 219, 151, 174, 87, 51, 166, 106, 57, 226, 177, 157, 162, 90, 59, 127, 4, 116, 239, 50, 16, 169, 154, 247, 45, 62, 143, 44, 204, 55, 129, 89, 131, 103, 98, 135, 251, 65, 61, 193, 67, 43, 175, 38, 149, 179, 124, 133, 126, 88, 231, 1, 248, 24, 167, 172, 140, 111, 95, 180, 201, 182, 191, 254, 114, 218, 164, 205, 104, 141, 198, 68, 237, 7, 73, 25, 220, 10, 250, 9, 225, 206, 236, 245, 183, 170, 171, 122, 217, 244, 185, 100, 2, 235, 19, 54, 76, 156, 139, 209, 255, 18, 69, 8, 33, 42, 14, 60, 238, 168, 145, 39, 120, 200, 91, 31, 208, 121, 20, 212, 192, 53, 109, 84, 246, 223, 86, 207, 187, 77, 197, 176, 58, 241, 213, 75, 115, 105, 194, 26, 130, 79, 224, 190, 82, 188, 173, 107, 203, 94, 48, 221, 137, 40, 35, 47, 181, 85, 125, 15, 36, 46, 138, 228, 119, 215, 234, 195, 165, 155, 30, 28, 97, 150, 21, 112, 113, 118, 199, 136, 240, 27, 142, 17, 71, 117, 41, 163, 123, 232, 81, 49, 11, 70, 12, 243, 80, 102, 148, 5, 186, 222, 72
