# Final optimized S-box - COMPOSITE FITNESS WITH EARLY STOPPING
# Generated on: 2026-01-30T00:44:22.267
# Format: 16 values per line (256 total)

sbox = UInt8[
    144, 157, 161,  72,  31,   4, 230, 128, 134, 181,   8, 114,  99,  77, 184,   7,
    160, 152,   0,  74, 172, 198, 166,  93,  41, 219, 145, 196, 104, 216, 109, 170,
    243, 108, 205, 159,  12,  32,  71,  52, 146, 254,   3, 234, 229, 233,  83, 227,
    167,  63,  80, 246, 191,  90, 223, 151, 117, 232,  34, 189, 106, 121, 162, 177,
      9, 224, 211,  49,  19,  16, 116,  82, 125, 123, 169,  87,  69,  95, 110, 143,
     44,  14,  55, 129,  89, 115, 164,  96, 213, 185,  65, 124, 193,  67,  43, 183,
     38, 149, 179,  92, 209, 126, 178, 247,   1,  66,  28,  70,  56, 140, 111,  97,
    180, 210, 182, 194, 158, 199, 240, 228, 225,  50, 251, 236,  68, 237, 174,  73,
     25, 220,  10, 250, 207, 255, 171,  29, 218, 175,  98, 252, 122, 217,  59, 141,
    100,   2, 248,  78,  54, 245, 156, 201, 101,  37, 202, 249, 153,  33,  42, 150,
     60, 238, 168, 147,  39,  58, 200,  64, 139,  91, 242,  20, 212, 206,  53,  88,
     84,  51, 235,  86, 102, 187, 127, 137, 176, 155, 241, 214,  75, 131, 105, 244,
     26, 195,  79, 226,  22, 103, 253, 173, 107, 203,  94,  48, 221, 197,  40,  35,
     47, 231,  85,  57,  76,  36,  62, 138,  30, 119,   6,  18, 130, 165,  46,  23,
     13,  45, 204,  21, 239, 113, 118, 132, 136, 192,  27, 142,  17, 154,  15, 215,
    163, 190, 188,  81, 112,  11, 133,  24,  61, 208, 135, 148,   5, 186, 222, 120
]

# Comma-separated format:
144, 157, 161, 72, 31, 4, 230, 128, 134, 181, 8, 114, 99, 77, 184, 7, 160, 152, 0, 74, 172, 198, 166, 93, 41, 219, 145, 196, 104, 216, 109, 170, 243, 108, 205, 159, 12, 32, 71, 52, 146, 254, 3, 234, 229, 233, 83, 227, 167, 63, 80, 246, 191, 90, 223, 151, 117, 232, 34, 189, 106, 121, 162, 177, 9, 224, 211, 49, 19, 16, 116, 82, 125, 123, 169, 87, 69, 95, 110, 143, 44, 14, 55, 129, 89, 115, 164, 96, 213, 185, 65, 124, 193, 67, 43, 183, 38, 149, 179, 92, 209, 126, 178, 247, 1, 66, 28, 70, 56, 140, 111, 97, 180, 210, 182, 194, 158, 199, 240, 228, 225, 50, 251, 236, 68, 237, 174, 73, 25, 220, 10, 250, 207, 255, 171, 29, 218, 175, 98, 252, 122, 217, 59, 141, 100, 2, 248, 78, 54, 245, 156, 201, 101, 37, 202, 249, 153, 33, 42, 150, 60, 238, 168, 147, 39, 58, 200, 64, 139, 91, 242, 20, 212, 206, 53, 88, 84, 51, 235, 86, 102, 187, 127, 137, 176, 155, 241, 214, 75, 131, 105, 244, 26, 195, 79, 226, 22, 103, 253, 173, 107, 203, 94, 48, 221, 197, 40, 35, 47, 231, 85, 57, 76, 36, 62, 138, 30, 119, 6, 18, 130, 165, 46, 23, 13, 45, 204, 21, 239, 113, 118, 132, 136, 192, 27, 142, 17, 154, 15, 215, 163, 190, 188, 81, 112, 11, 133, 24, 61, 208, 135, 148, 5, 186, 222, 120
