# Final optimized S-box - COMPOSITE FITNESS WITH EARLY STOPPING
# Generated on: 2026-02-03T00:05:20.838
# Format: 16 values per line (256 total)

sbox = UInt8[
    108, 168, 177, 116, 155, 141, 189, 146, 126, 226, 253,  24, 160, 221, 237, 232,
     62,  59, 246, 219, 166,   2, 245, 248,  30, 157, 112,  93,  49, 192, 147,  73,
    162, 180,  60, 236, 143, 173, 250, 144, 165, 127,  88,  38,  76, 211, 130, 125,
    210, 223, 122,  17,   1, 101, 207, 135,  25, 134, 175, 213, 233,  74, 235, 208,
    164,  61,  92, 109,   9,  83, 145, 228,  35,  94, 202,  12, 111, 201,  15, 128,
     45,  98,  22, 224, 196,  85, 169,  66, 218, 203, 249, 216, 133, 220,  21, 119,
    140, 231,  89, 104, 136,   3, 172,  82, 181, 161,  36, 132, 120,  14,  10, 206,
      4, 171, 186, 106,  40, 195, 198,  58,  34, 149,   7,  50, 115,  43,  54,  48,
    124, 205,  56, 121, 188,  44,  39, 156, 100,   6,  79, 138,  97, 255, 110, 194,
    225,  46,   5, 227, 159,  80, 212,  77, 184, 129,  69, 178,  52,  96,  70,  75,
    215, 239,  55,  87, 174, 209,  42, 187, 142, 193,  53, 185,  19,  31, 131,  26,
    154,  16, 252,  63, 170,  20, 117,  13,  64, 107, 241, 182, 113,  47, 123, 200,
     95, 118,  71,  99,  81,  91, 243, 105, 238, 242,  72, 199, 148, 153, 254,   0,
    179,  84, 139, 176, 229,  33,  32,  57,  18,  23, 151, 114, 197,  27, 222,  90,
     86,  78, 183,  51, 230,  29, 137,  68, 167,  28, 240,  37, 217, 150, 190,   8,
    163, 152, 251, 102, 214,  67, 103,  41, 204, 244, 158,  65, 191, 234, 247,  11
]

# Comma-separated format:
108, 168, 177, 116, 155, 141, 189, 146, 126, 226, 253, 24, 160, 221, 237, 232, 62, 59, 246, 219, 166, 2, 245, 248, 30, 157, 112, 93, 49, 192, 147, 73, 162, 180, 60, 236, 143, 173, 250, 144, 165, 127, 88, 38, 76, 211, 130, 125, 210, 223, 122, 17, 1, 101, 207, 135, 25, 134, 175, 213, 233, 74, 235, 208, 164, 61, 92, 109, 9, 83, 145, 228, 35, 94, 202, 12, 111, 201, 15, 128, 45, 98, 22, 224, 196, 85, 169, 66, 218, 203, 249, 216, 133, 220, 21, 119, 140, 231, 89, 104, 136, 3, 172, 82, 181, 161, 36, 132, 120, 14, 10, 206, 4, 171, 186, 106, 40, 195, 198, 58, 34, 149, 7, 50, 115, 43, 54, 48, 124, 205, 56, 121, 188, 44, 39, 156, 100, 6, 79, 138, 97, 255, 110, 194, 225, 46, 5, 227, 159, 80, 212, 77, 184, 129, 69, 178, 52, 96, 70, 75, 215, 239, 55, 87, 174, 209, 42, 187, 142, 193, 53, 185, 19, 31, 131, 26, 154, 16, 252, 63, 170, 20, 117, 13, 64, 107, 241, 182, 113, 47, 123, 200, 95, 118, 71, 99, 81, 91, 243, 105, 238, 242, 72, 199, 148, 153, 254, 0, 179, 84, 139, 176, 229, 33, 32, 57, 18, 23, 151, 114, 197, 27, 222, 90, 86, 78, 183, 51, 230, 29, 137, 68, 167, 28, 240, 37, 217, 150, 190, 8, 163, 152, 251, 102, 214, 67, 103, 41, 204, 244, 158, 65, 191, 234, 247, 11
