# Final optimized S-box - COMPOSITE FITNESS WITH EARLY STOPPING
# Generated on: 2026-01-28T23:51:34.019
# Format: 16 values per line (256 total)

sbox = UInt8[
    142, 107, 195,  87, 214,  98,  27,  78, 113,  37,   8, 208, 222, 132,  58, 193,
    166,   3,   0, 109, 216,  83, 244, 247, 174,  51,  36,  19, 154, 249,  11,  44,
    143, 243, 145,  71, 192,  93, 183, 237,  68, 229, 180, 137, 186, 167, 100, 156,
     45,  69, 116,  96,  76, 139, 187,  21, 221,  77, 233,  84, 191, 201,  15, 164,
    131,  10, 175, 146, 207,  53,  95, 171,  34, 240, 225, 148,  24, 125, 135,  80,
    178, 168, 255, 196, 177,  73,  97, 150, 220, 212,  62, 251, 104, 199, 252, 122,
     23,  82,  91, 147,  55,  89,   7,  43,  33,  94,  85, 111, 210, 161, 159,  52,
    102, 108,  86, 188, 223, 105,  13, 232,  20, 230, 224, 211, 228, 217, 185, 157,
     64, 127,  14,   4,  18, 215,  42,  59, 209, 231, 203,   6,  79, 226, 151,  70,
    179,  56,  39, 138, 120, 200, 106, 253, 119, 206, 126,  99, 172,  49, 189, 205,
    158, 239, 176,  16,  31, 129,  88,  92,  66, 250, 155,  63, 245, 118,   2, 134,
    124,  17, 130, 238,  41, 184,  75,  28, 248,  48,  26, 114, 169, 136, 117,  22,
    163, 152, 110, 241,  90, 149, 112, 103,  30, 121,  72, 235,  29, 202, 165, 141,
      1,  40, 197, 213,  35, 170, 128, 198,  46,  54,   5, 246, 153,  25,  65, 218,
     12, 115, 234, 190, 160,  32,  74, 236, 140,  67,  61, 182,  57,  81, 101,   9,
    254,  60, 227, 242, 173, 162,  47, 181, 133, 144, 194, 123, 204, 219,  38,  50
]

# Comma-separated format:
142, 107, 195, 87, 214, 98, 27, 78, 113, 37, 8, 208, 222, 132, 58, 193, 166, 3, 0, 109, 216, 83, 244, 247, 174, 51, 36, 19, 154, 249, 11, 44, 143, 243, 145, 71, 192, 93, 183, 237, 68, 229, 180, 137, 186, 167, 100, 156, 45, 69, 116, 96, 76, 139, 187, 21, 221, 77, 233, 84, 191, 201, 15, 164, 131, 10, 175, 146, 207, 53, 95, 171, 34, 240, 225, 148, 24, 125, 135, 80, 178, 168, 255, 196, 177, 73, 97, 150, 220, 212, 62, 251, 104, 199, 252, 122, 23, 82, 91, 147, 55, 89, 7, 43, 33, 94, 85, 111, 210, 161, 159, 52, 102, 108, 86, 188, 223, 105, 13, 232, 20, 230, 224, 211, 228, 217, 185, 157, 64, 127, 14, 4, 18, 215, 42, 59, 209, 231, 203, 6, 79, 226, 151, 70, 179, 56, 39, 138, 120, 200, 106, 253, 119, 206, 126, 99, 172, 49, 189, 205, 158, 239, 176, 16, 31, 129, 88, 92, 66, 250, 155, 63, 245, 118, 2, 134, 124, 17, 130, 238, 41, 184, 75, 28, 248, 48, 26, 114, 169, 136, 117, 22, 163, 152, 110, 241, 90, 149, 112, 103, 30, 121, 72, 235, 29, 202, 165, 141, 1, 40, 197, 213, 35, 170, 128, 198, 46, 54, 5, 246, 153, 25, 65, 218, 12, 115, 234, 190, 160, 32, 74, 236, 140, 67, 61, 182, 57, 81, 101, 9, 254, 60, 227, 242, 173, 162, 47, 181, 133, 144, 194, 123, 204, 219, 38, 50
