# V5 Final S-box - GUIDED SWAP KAPALI
# Generated on: 2026-01-21T12:13:12.566

sbox = UInt8[
    252, 255, 204, 206, 250, 124,  80,  52, 164,  17,   0, 150, 134, 235, 168,   1,
    152, 193,  40, 217, 139, 103, 107, 122, 119,  36, 192,  97, 179, 176,  81,  57,
     35, 110, 248,  45, 191, 226, 186,  60, 141,  15,  41,  49,  47, 100,  33, 149,
     98, 221,  74, 212,  39, 151, 101,  24,  13, 138, 178, 237, 128, 172, 113,   7,
     30, 238, 254, 111, 102, 121, 228, 234, 216,  21, 132,  99,   5, 197, 158, 173,
     93, 104,  70,  56, 135,  78, 182, 190,  20, 154, 177,   6,  79, 133,  42,  55,
    213, 215,  10, 180,  43, 140,  67,  27, 188,  77,  14,  28, 202, 222, 211,  71,
     22,  68,  31, 200, 162, 163,  34, 214, 194, 239, 145, 114, 146, 118,   4, 231,
     90, 130,  16, 225,  44, 240, 129, 127,  87, 232, 126,   9, 166,  25,  76,  18,
      3, 112, 227, 170, 143, 171, 165, 210, 242,  46,  82, 199, 203, 174, 209, 205,
     86, 224, 198, 156, 247, 184, 109,  54, 181,  12, 244,  89,  29,  73, 218, 219,
     59,  83,  32, 105,  96, 157, 229,   8,  58,  88, 230, 236,  53, 161, 131, 159,
    220, 208,  37, 137,  23,  75, 108,  64, 167, 115, 187,  91,  63, 241, 243,   2,
     19, 125, 201, 251, 147,  61, 123,  95,  50,  62, 246, 153, 223, 148,  85, 117,
     48, 245, 155,  11, 196, 183,  26, 116,  51, 144,  72,  38, 185, 253, 195,  65,
    142,  94, 249,  92, 136, 106, 169, 120, 189,  66,  84, 207,  69, 175, 160, 233
]
