# V3 Final S-box - TRIPLE SWAP KAPALI
# Generated on: 2026-01-21T21:25:55.837

sbox = UInt8[
    108,  45, 228, 126, 215, 166, 118, 219, 100, 101,  88, 130, 146, 249,  68,  52,
     93, 245,   7,  87, 104,  22, 150,  11, 255,  18, 133, 132,  29,  32, 205, 165,
    216,  75, 251, 206, 222,   9, 248, 243, 176,  14,  54, 181,  99,  58, 187, 114,
    254, 244,  44, 153,  19, 172, 190, 213,   1, 230,  81,  90,   8, 210,  63,  71,
    173, 127, 162,  17, 140,  39,  57, 239, 178,  66, 110,  50, 194,  69,  42,  64,
     74, 202, 229, 192, 235,  62,   4, 149, 186, 145, 138,  98, 209, 185, 137, 119,
    233, 198,  16, 242, 143, 208, 214, 240, 191,  72, 238, 106, 247, 221, 168, 159,
     12, 164, 148,  13,  48, 155,  53, 179, 158,  41, 157,  86, 246,  89, 142, 129,
    122, 109,  84,  10, 116, 170,  27,  46,  94, 225, 161,  51, 195, 102, 115,   0,
    117,  30,  34,  78,  37,  56,  21, 207, 103, 226,  59, 135,  95, 125,  15, 199,
    212,  97, 144, 182,  82, 124, 134, 152, 250, 147, 167,   2, 171, 196,  23,  49,
    204, 121, 105,   3,  96,  61,  79, 113,  83, 224, 231,  80,  91, 175, 180, 237,
    189, 253, 156, 220, 234, 252, 203, 107, 193,  76,  35, 188,  20, 174,  67, 184,
     40, 154, 197, 151, 141, 160,  47, 131, 163,  60, 201,  92,   5,  31, 120, 128,
    232, 211, 139,  73, 236,  43, 169, 200,  85,  70,  25,  33, 183, 218, 227,  28,
    112, 123,  26,  24,  65,   6, 177,  55, 223, 111, 136,  77,  38,  36, 217, 241
]
