# V3 Final S-box - TRIPLE SWAP KAPALI
# Generated on: 2026-01-20T19:46:55.921

sbox = UInt8[
    142, 109, 195, 156, 214,  98,  27,  78, 183,  18, 207, 208, 222, 132, 248, 229,
    226,   3, 178, 245, 114, 174, 244,  71,  83, 217, 163,  81, 233, 249,  11,  44,
    149,  49, 126,   5, 192,  93, 116, 240,  68, 180,  82,  51, 154, 167, 100, 213,
    140,  69, 247,  96,  76,  43, 161, 219, 151,  24, 102, 193, 130, 200,  15, 164,
    131,  10,   0, 232,  41,  53,  65, 107,  34,  38, 119,  89,  77, 125, 135,  80,
    179, 205,  21,  64, 186, 148, 187, 150, 177, 212, 182, 231,  95, 199,  42, 122,
     23,  37,  91, 189,  55,  73, 139, 121,  33, 123, 143, 111, 228, 235, 159, 255,
     90, 236, 118, 152, 160,  99,  16, 176, 138, 230,  66, 211, 110,   4, 185, 157,
    196, 127, 153, 162, 190, 234, 220,  59, 209, 246, 203,   6,  79, 197,  63,  70,
     30, 146,  39,  92, 120, 201, 106, 253, 221, 206, 145, 105, 129,  22, 128, 112,
    158, 239, 172,  94,  31, 223,  74,  20, 224, 250, 155,  84,  46,  86,  48,   7,
    124, 113,   8, 238, 191, 184,  75,  28,  47,   2, 117,  87, 216, 136,  26,  17,
    147, 188, 210, 241, 170,  85, 168, 103, 202, 134,  72,  25,  29, 137, 165, 141,
      1,  40, 175, 243,  35,  61,  36, 194,  45,  67, 169, 251,  14, 115, 104, 218,
     12, 225, 242, 166,  56,  32,  88, 108, 171, 237, 252,  52,  57,  19, 101,   9,
    254,  60, 227, 215, 173,  97,  58, 181, 133, 144, 198,  13, 204,  62,  54,  50
]
