# V5 Final S-box - GUIDED SWAP KAPALI
# Generated on: 2026-01-21T19:05:22.521

sbox = UInt8[
    145, 108, 115, 204, 160,  40, 156,  68, 127, 240, 217,  92,  47, 141, 246, 148,
    126, 213,  58, 173, 180, 111, 190, 103, 154,  44,  85, 195,  26, 229, 120,   8,
     99, 170, 129, 101, 230, 228, 167, 235,  56,  89,  72, 237, 238, 104, 128,  50,
    232, 153, 245, 131,  16,  86, 219, 187,  71, 179, 146,  18, 171,   3, 164, 183,
    168,  81, 169, 137,  82,  78, 250, 175,  39,  93,  31, 209, 113,  38, 211,  33,
     17,  67, 184, 159, 200,   1, 133, 122, 203, 158,  79,  57,  35,  28,  59,   9,
    177, 251, 206, 234,  30,  15,  61,  32, 130, 118, 196, 143, 116, 247, 216,  27,
    242, 201,  41, 102, 178, 191,  42,  52,  75,  87,  74, 197, 147, 121, 210, 106,
      0, 149,  62,  51, 212, 136,  65,  12,  91,  70,  14, 112, 249, 185, 223, 236,
    139, 144,  64, 193, 174,  53, 162, 150,  84,  48,  76, 231, 221, 241, 220, 166,
     77, 157, 134,   5,  13, 114,  96,  24, 125,  37, 244,   7, 123,  73, 135,  88,
    255, 239, 214,  55,  21, 194, 215, 218,  97,  80,  23, 248,  11, 222, 253, 138,
    186, 225, 109,   6, 189, 151,   4, 205, 198, 100,  49, 192,  63, 142, 254,  90,
     46, 172,  43, 199,  34,  36, 107, 140, 202, 227, 252, 119, 163, 165,  95,  45,
    224,  29,  94,  10, 155, 207, 226, 182, 152,  54,  25,  69, 181, 124,  66,  60,
    176, 110,  83,  22, 243, 105,  19,   2, 161,  98, 208, 188, 132, 233, 117,  20
]
