# Final optimized S-box - COMPOSITE FITNESS WITH EARLY STOPPING
# Generated on: 2026-01-29T20:09:50.246
# Format: 16 values per line (256 total)

sbox = UInt8[
    105, 130, 214, 129, 151, 235,  24,  91,  46, 248,  38,  44,  84, 211, 207, 255,
    127,  55,  40,  14, 125, 216,  53, 137, 232,  93, 222,  59, 231, 221, 252, 158,
    120,   0, 122,  32, 172, 178,   4, 183, 188, 171,  71, 170,  51, 239,  52, 118,
    192,  60, 224, 175, 167,  79,  29,  30, 143, 173,  45,  27,  54, 185, 247, 186,
     92, 113,  99, 184, 205, 243,  12,  31, 149, 179, 136,  78,  22, 223, 212, 142,
    108,  16, 210,  96, 254, 112,   3,  69, 177, 124, 145, 230,  85, 200,  21,  98,
    128, 196, 126, 237,  25, 115,  87,  66, 215,  88,   9,  13, 250, 121,  94, 201,
     39, 234,  82,  57, 220,  34,  74,   7, 117, 100, 251, 203,  89,  81, 132, 163,
    114, 133, 164,  26,  86, 241, 228,  61,  35,  70,  77, 208,  83,  17,  18, 226,
    162, 217,  58,   1, 109, 168, 169,  97,  67, 148, 107, 153, 135, 176, 204, 111,
     47,   8,  19, 144, 138, 236, 116,  11, 191, 182, 180, 110, 253, 102,  56,  64,
    131, 206, 159, 195,  20, 233, 229, 147,  68, 249, 209, 197, 166, 219, 150,  36,
     10, 225,  43,  15,  73, 119, 152, 101, 174, 198, 139,  63, 246,  23, 123, 103,
    218, 161, 190, 156, 140, 242, 146,  41,  75, 104,  50, 155, 227, 240,  65, 245,
     80,   6, 165,  48, 134,   5,  90, 194, 187, 202, 160, 244,  49,  95, 157,  28,
     76,  72, 238, 154,  37, 181, 199,   2, 213,  62, 106,  33,  42, 141, 193, 189
]

# Comma-separated format:
105, 130, 214, 129, 151, 235, 24, 91, 46, 248, 38, 44, 84, 211, 207, 255, 127, 55, 40, 14, 125, 216, 53, 137, 232, 93, 222, 59, 231, 221, 252, 158, 120, 0, 122, 32, 172, 178, 4, 183, 188, 171, 71, 170, 51, 239, 52, 118, 192, 60, 224, 175, 167, 79, 29, 30, 143, 173, 45, 27, 54, 185, 247, 186, 92, 113, 99, 184, 205, 243, 12, 31, 149, 179, 136, 78, 22, 223, 212, 142, 108, 16, 210, 96, 254, 112, 3, 69, 177, 124, 145, 230, 85, 200, 21, 98, 128, 196, 126, 237, 25, 115, 87, 66, 215, 88, 9, 13, 250, 121, 94, 201, 39, 234, 82, 57, 220, 34, 74, 7, 117, 100, 251, 203, 89, 81, 132, 163, 114, 133, 164, 26, 86, 241, 228, 61, 35, 70, 77, 208, 83, 17, 18, 226, 162, 217, 58, 1, 109, 168, 169, 97, 67, 148, 107, 153, 135, 176, 204, 111, 47, 8, 19, 144, 138, 236, 116, 11, 191, 182, 180, 110, 253, 102, 56, 64, 131, 206, 159, 195, 20, 233, 229, 147, 68, 249, 209, 197, 166, 219, 150, 36, 10, 225, 43, 15, 73, 119, 152, 101, 174, 198, 139, 63, 246, 23, 123, 103, 218, 161, 190, 156, 140, 242, 146, 41, 75, 104, 50, 155, 227, 240, 65, 245, 80, 6, 165, 48, 134, 5, 90, 194, 187, 202, 160, 244, 49, 95, 157, 28, 76, 72, 238, 154, 37, 181, 199, 2, 213, 62, 106, 33, 42, 141, 193, 189
