# V3 Final S-box - TRIPLE SWAP KAPALI
# Generated on: 2026-01-21T00:41:24.994

sbox = UInt8[
    114,   3, 177, 142, 155,  66, 145, 222, 130, 226, 253,  30, 136, 245, 237, 232,
     62,  52, 246, 150,  71,   2, 236, 100,  59, 189, 112,  93,  19, 192,  43,  73,
    165, 108,  28,  39, 143, 173, 250, 144, 193, 127,  88, 122,  13, 174, 126,  79,
     70,  12,  38, 154, 206, 101, 207,   6,  89,  54,  50,  87, 233,  74,  97, 208,
    199, 204,  60, 109,   9,  83, 157, 215, 125, 230, 202, 138, 111,  61,  37, 160,
     45, 167,  22, 224,  35,  92, 169, 162, 186, 235, 158,  25, 120,  51,  21, 119,
    220, 231, 216,  31, 128, 168, 172, 166, 181, 161,  36, 209,  10, 140,  44,  72,
    240, 217, 218, 106, 223, 195, 178, 212,  58, 254, 153, 156, 115, 251, 219,  48,
    163,  76, 139, 121, 175,   8,  14, 187, 171, 116, 205,   5, 107, 255, 110, 194,
    225, 103, 221, 227, 159,  80,  67,  77, 198, 129, 200,  95, 135, 180, 210, 203,
    228, 239,  34,  86, 211, 132, 185, 214, 141, 213,  26, 249, 182, 104, 131,  23,
     17,  16, 252,  53, 170,  20,  41,  15,  64,  75, 241,   4, 113,  47, 123,  65,
    117, 118,  82,  99,  81,  91, 243, 137,  68, 242, 201, 164, 148,   7, 133,   0,
    179,  84,  56, 176, 229,  33,  32,  27,  18, 151, 191,  96, 197,  24, 248,  90,
    188,  78, 134,  55,  94,  29, 105, 196,  85, 124,  49,  57, 183, 146, 190,  42,
      1,  69, 149, 102, 147, 184,  46,  40, 238, 244,  98, 152,  63, 234, 247,  11
]
