# V3 Final S-box - TRIPLE SWAP KAPALI
# Generated on: 2026-01-21T00:33:24.027

sbox = UInt8[
    160, 168, 129, 214, 155, 165, 189, 198, 130, 226, 253,  30, 136, 221,  26, 232,
     62,  52, 246, 150,  71,   2, 245, 248,  27, 157, 112,  92, 240, 194, 149,  73,
    162, 108, 124,  14, 143, 173, 250, 144, 193, 178,  88, 122,  13, 174, 126, 125,
    210, 109,  38, 154, 201,  16, 207, 142, 153, 134, 175,  87, 233,  74, 107, 208,
     69, 184, 183, 223,   9,  83, 145, 215,  79,  94, 202, 236, 111,  61,  37, 170,
     45,  41,  22, 224, 140, 114, 169,  66, 159, 235, 158, 216, 120, 220,  21,  67,
    204, 231,  89, 104, 128,   3, 172, 166, 181, 161,  36, 132,  98,  97,  10, 206,
     19, 205, 218, 106,  57, 195,   4, 190,  51, 254,   7,  50, 115,  43, 171,  48,
     93,  76, 131,  11, 188,  44, 118, 156, 100,   6, 217,  12,  28, 255, 110,  32,
    225,  46,   5, 227, 186,  80, 119,  77,  54, 177, 200, 127,  39,  60,  70, 203,
    228, 239,  34,  86, 211, 209, 185, 187, 197, 141,  53, 249, 182,  31,  56,  23,
     17, 101, 252,  65, 237,  85,   1,  15,  64, 219, 241, 117, 113,  47, 123, 213,
     95, 135,  82,  99,  20,  91, 243, 105, 139, 242,  72, 199, 148,  25, 133,   0,
    179,  84, 238, 176, 229,  33, 192,  59,  18, 234, 191,  96, 163,  24, 222,  90,
    212,  78, 180,  55, 230,  29, 137, 196,  81,  35,  49, 138,  75, 146,  58,  42,
    167, 152, 251, 102, 147, 116, 103,  40,  68, 244,   8, 164, 151,  63, 247, 121
]
