# V5 Final S-box - GUIDED SWAP KAPALI
# Generated on: 2026-01-21T11:34:49.443

sbox = UInt8[
     71, 133, 227,  28,  58,   8,  12,  24, 168, 157, 163, 229, 175, 144,  44, 191,
    222, 131,  36,  14, 219,  42,  11, 194, 151, 143, 173, 121, 228, 193, 237,  91,
    165,  89, 188, 213,  74, 239, 108, 241, 127,  63,  77, 149,  35,  54, 246,  50,
     53, 136,  82,  75, 220,  62,  23,  52, 218,  26, 226, 148, 152, 101, 225,  85,
    183,  45, 164,   4, 208, 233, 189, 176, 186, 221, 103,  98,  60, 174, 128, 116,
     68, 234, 113, 159,  13, 242,   1, 171,  38, 123,  81, 192, 179, 124, 252,  72,
    204, 238,  27,  15,  97,   9, 211, 115, 251, 146, 223,  19,  87, 210, 126, 224,
    147,  10, 250,  69,  76,  78, 202, 161, 180,  33,  94, 197,  80, 166, 232, 207,
    181, 145,   5,  55, 139,  66, 249,  79,  34, 212, 135, 158,  41,  30, 255, 118,
    129, 112, 230, 141,  90,  67, 203, 105,  64,   0, 214,  47, 153, 156, 154,  51,
    244, 100,  59, 155, 137,  73,  96,  16,  22,  88,   3,  83,  61,  99, 132,  95,
     39, 200, 107,  92, 245,  21, 253, 201,  48, 185,   2, 160,  43, 138, 170, 209,
     65, 140,   6, 117, 125, 104, 110,  70, 162, 178, 217, 206,  84, 254,  29, 248,
    231,  31,  93,  56,  37, 109, 247, 240,  46,  86,  17, 142, 130, 199,   7, 111,
     18, 169, 198, 150,  40, 195, 205, 216,  57, 182, 215, 114,  20, 177, 106,  32,
    120, 187, 190, 236, 196, 122, 167,  25, 119, 134,  49, 243, 102, 172, 184, 235
]
