# V5 Final S-box - GUIDED SWAP KAPALI
# Generated on: 2026-01-21T20:50:10.802

sbox = UInt8[
     42,  30,  28,  88,  87, 249, 101,  69, 108, 107, 233, 216,  80,  85, 145,  71,
    172, 124, 231, 157, 131, 222, 113, 177, 181, 193,  59,  81,  93,  84,  24, 198,
    202, 170,  34, 218,  31,  13, 223, 121,  43, 248,  25, 150, 215,  45,  26, 176,
    117, 155, 114, 189, 134,  22,  49, 194, 168, 126, 156, 240,  38, 160, 128,  40,
    133,  89, 229,  61, 227,  68, 153, 237, 226,  46,  17,  41, 190, 199, 174,  18,
    167,  37, 105,  77, 173,  55, 122, 187, 147,  67, 123, 182,  48, 200, 210,  12,
     20,  95, 175, 211, 102, 179, 225, 213, 217, 250, 109,  78, 183,  33, 196, 171,
     32, 246, 180, 228,  23, 239, 111,  63,  50,  39, 151, 149,  16, 104, 165,  51,
    254,   9, 140,  62, 247, 125,   4, 252, 129,  96, 130,   2, 115, 158,   1, 208,
     58, 203, 224,  82, 206, 136, 245, 138, 106, 148, 112,  70,   6,  36, 120, 135,
     56,   5, 137, 141,  19,  90,  53, 204, 118, 212, 152, 143,   3, 235,  98, 146,
     92,  65, 221,  73, 100, 243,  99, 139,  94, 191, 192, 119, 159, 162,  52,  57,
      0, 144, 201, 169,  10, 234, 132,  47, 241,  44, 238, 184, 209, 255, 205, 230,
    166, 232, 253, 188, 164,  15, 154, 197, 219,  79, 195, 178,  91,  72, 103, 110,
     64,  27, 242,  35,  75, 127,  14,  97, 186,   7, 251, 163, 161, 207, 244,  54,
      8, 142,  74,  76,  11,  83,  60,  29, 116, 214, 220, 185, 236,  86,  21,  66
]
