# V3 Final S-box - TRIPLE SWAP KAPALI
# Generated on: 2026-01-19T22:05:43.421

sbox = UInt8[
    191,  45, 228, 122, 215, 222, 248, 219, 158, 101, 142,  83, 146, 249,  68,  52,
     93, 245,   7,  87, 104,  86, 150, 128, 207, 200, 133, 132, 131, 193,  43,  97,
    216, 194,  14, 206,  88,  18, 184, 241, 160,  32, 161, 181,  99,  58,   9, 114,
    254,  28,  44, 153,  65, 172, 190, 149,   1, 230, 209,  90,   8, 210, 152,  71,
    173,  80, 162,  17, 140, 182,  57, 109, 178,  66, 110,  50,  67,  69,  42,  64,
     74, 202, 229, 192, 175,  73, 100,  21, 186, 145, 138,  98,  81, 185, 137, 119,
     19,   2,  16, 242, 143, 113, 214, 240, 126,  72,   5,  92, 247, 221, 168,  51,
      4, 164, 148,  13, 127, 169,   3, 179,  26,  41, 205,  33, 246,  89, 120, 129,
    106, 235, 252, 231, 233, 170,  27, 234,  94, 225,  54, 159, 136,  46, 115,   0,
    208,  30,  34,  78,  37,  56,  20, 157, 103, 226,  59, 135, 187, 125,  15, 199,
    180,  31,  70,  39,  82, 124, 134,  22, 250, 211, 167, 198, 171, 196,  23,  49,
     60, 121, 105,  29,  96,  61,  79, 141, 112, 224,  10,  48,  91, 239, 102, 237,
    189, 253, 156, 220, 212,  84, 203, 107, 108,  76, 165, 188, 243, 174,  75,  53,
    117, 154, 197, 151,  40, 176,  47, 251, 163,  63, 201, 118, 232,  35,  36,  11,
    238, 147, 155,  62, 236, 255, 139,  95,  85, 144,  25, 204, 183, 218, 227, 244,
    130, 123, 166,  24, 116,   6, 177,  55, 223, 111, 195,  77,  38,  12, 217, 213
]
