# V3 Final S-box - TRIPLE SWAP KAPALI
# Generated on: 2026-01-20T19:35:12.872

sbox = UInt8[
    124, 107, 139, 185, 214,  85,  27,  71, 242,  18,  76, 208, 246, 132, 253, 128,
    166,   3,   4,  37, 114, 174, 244,  87,  83, 217, 163,  19, 154, 249,   8,  44,
    149,  49, 145,  78, 192,  93, 116, 232,  98,  82, 181, 204,  13, 150, 100, 159,
    140,  69, 247,  96, 130,  43, 168, 180, 151,  77, 251,  68, 207,  35,  15, 164,
    131,  10,   1, 146,  41,  53,  91, 200,  34,  38, 119, 148,  59, 220, 135,  89,
    178, 205, 155,  64, 186, 189,  73, 182, 177, 212, 219, 231, 254,  55, 252, 122,
     23,  45,  65, 187, 190, 213,   7, 121, 223,  94, 143, 111, 210, 235, 156,  24,
    102, 228, 243, 152, 160, 105,  29, 176, 138, 230, 224, 211, 110,  51,  86, 157,
    196, 127, 225, 162, 175, 234,  42, 167, 209, 222, 141, 221, 113, 226,  63,  70,
    179, 240,  39,  92, 120, 193, 106, 248, 147, 206, 126,  99,  56,  22,  36, 112,
    158, 239, 237, 188,  31,  33,  74,  20,  66, 250, 118,   6, 245, 255, 194, 134,
    142,  79,  72, 238, 191, 184,  75,  28,  47, 137,  26, 169, 216, 136, 117,  14,
    109,   9, 108, 241, 233,  84, 161, 103,  30, 195,  11,  25, 125, 202, 165, 203,
      0,  40, 197, 144, 201, 170,  17, 198,  46,  67,   5,  90, 153, 115, 104, 218,
     12, 229, 183, 199, 129,  32,  88, 236, 171, 172,  61,  52,  57,  81, 101,  16,
     95,  60, 227, 215, 173,  97,  58,  21, 133,  80,   2, 123,  48,  62,  54,  50
]
