# V5 Final S-box - GUIDED SWAP KAPALI
# Generated on: 2026-01-20T22:31:19.183

sbox = UInt8[
    218, 117,  89,  78,  99,  32, 125,  96, 111,   9, 242,  53, 196, 205, 237,  80,
      6, 141, 132,  42,  70, 178, 216, 200, 181,  29, 137, 155,  84, 131, 204,  48,
    158,  76, 211, 248, 161, 213,  63, 151, 174,  18,  10,  36, 163, 197, 100,  81,
      8, 227, 109, 247,  14,  72,  66,  20, 135,  93, 127, 191,  16,  62, 185,  52,
    249, 149, 241,  85, 145,  28, 224, 105, 103, 221,  26, 157, 133, 233, 150, 106,
     95,  35, 102,  19, 171, 251, 124, 152, 170, 255,  50, 219,  43, 173, 134,  86,
    250, 222,  77, 235,   7, 116,  83,  46, 139, 236,  44, 254,  38,  12,  41, 186,
    207, 166, 212,   1,  57,  31, 232,  30, 118, 147, 189, 217, 202,  60, 123,  69,
      5,  74,  64, 243,  87, 159,  13, 225,  71, 194, 107, 176, 238,  56, 183,  92,
    140,   0,  21, 214, 231,   3,  25,   2, 190,  40,  24,  49, 119, 215,  68, 230,
     15, 244, 195,  79,  91,  23, 148, 128, 114, 108, 198, 165, 175, 143, 120,  47,
    220,  33,  39, 122,  88, 112, 126, 104, 110, 180,  98, 228, 223,  73, 115, 169,
    167, 246, 113, 226, 252, 101,  55, 121,  61,  65,  82,  51, 162, 209,  22, 206,
     90, 245, 234, 144, 239, 138, 153, 253, 177, 164,  27,  97, 154, 208,  37, 160,
     54, 179,  59,   4, 130,  67, 187, 193, 199, 146,  75,  45, 229, 210, 182, 156,
    142, 203, 192,  11, 184,  58, 188, 129, 172,  17,  94, 168, 201,  34, 240, 136
]
