# V3 Final S-box - TRIPLE SWAP KAPALI
# Generated on: 2026-01-19T21:24:59.107

sbox = UInt8[
    142, 107, 143, 241, 214,  13, 223,  78, 126,  18,   8,   0, 118, 132, 248,  23,
    166,   3, 184, 230, 114, 174, 225,  87, 188, 217, 163,  19, 154, 249,  11,  61,
    149, 123, 209,  71,  82, 227, 116,  41, 211, 232, 180, 137, 220, 167, 100, 156,
     76,  69, 247,  96, 140,  67, 161, 155, 151,  77,  90,  84, 207, 201,  57, 164,
    131,  10,  81, 146, 240,  36,  65, 109, 205,  38, 119,  33,  24, 125,  91,  80,
    244, 254, 255,  64, 186,  72, 187, 204, 177, 212, 219, 231,  95, 199, 252, 122,
    178,  37,  68, 189, 208,  89,   7, 121, 147,  94,  47, 111, 229,  45, 159, 182,
    102, 108,  86, 153, 160, 105, 113,  62, 138, 235, 224,  85, 110,  51, 185, 157,
    196, 127,  14, 162, 175, 206, 236,  59, 145, 246, 200,  66, 141, 226,  63,  70,
    179, 176,  39,  92, 120, 203, 106, 253, 193, 234, 183,  99,  56,  22,  53, 112,
    158, 169,  32, 194,  31,  27,  74,  16,   6, 250,  21, 221, 139,   4,   2, 134,
    124,  49, 130, 238,  73, 222,  75,  28, 195,  48,  26, 239, 216, 136, 117,  17,
    148,  60, 228, 243, 233, 135, 168,  97,  30, 245, 191,  25,  29, 202, 165,  79,
      1,  52, 197, 213,  35, 170, 128, 198,  46,  43,   5, 251, 152, 115, 104, 218,
     12,  93, 242, 190, 129, 172,  88, 181, 171, 237,  44,  40, 133,  55, 101,   9,
     34,  83, 210, 215, 173, 103,  58,  42,  15,  20, 144,  98, 150, 192,  54,  50
]
